23.15250577354564
23.090437118164694
23.03005216538796
22.97619749989639
22.926404387541403
22.881594801053527
22.840730725301977
22.802899321300444
22.76750259143407
22.736491131649736
22.70789987576613
22.681109133468304
22.655362514096208
22.630611208181143
22.60980995019553
22.59144075678657
22.575172060901107
22.55952483060099
22.543435043101443
22.529288046193923
22.515921172410543
22.503692210959496
22.491442421618085
22.481130666220274
22.471093738252637
22.462145060379257
22.454109018983388
22.44581231712261
22.43875070638628
22.433260973076944
22.42813572846002
22.42216633369879
22.416766882311236
22.41211728978915
22.40798382125005
22.40414776084611
22.399429251765387
22.396238960233525
22.394711796159807
22.392807590677293
22.391446036171942
22.38933296680511
22.388754322127177
22.388724206034315
22.390676348154834
22.391229544256962
22.390126428134145
22.390910781817407
22.39257983024094
22.393450599610915
22.395258914643787
22.398571950927
22.399461242700323
22.400551140807103
22.403471970745414
22.407182763145933
22.409932912050145
22.41236320617125
22.41606824675788
22.419192886538298
22.42260565190213
22.42719701680307
22.43215244459143
22.437766045466162
22.443465558026684
22.4482217954627
22.45360051990387
22.459880832955076
22.46711996924235
22.47324873975195
22.47855610597351
22.48499085501855
22.492264162910566
22.49997661858181
22.50647208929852
22.513083135127424
22.521302125207043
22.53114875266092
22.53874889021634
22.546203579351545
22.554691245612165
22.563678526259213
22.57268760212789
22.581098704820782
22.589404182722845
22.59951650575827
22.608029235995524
22.614678390077106
22.62309967640374
22.632017956336604
22.64192098904043
22.651202788534142
22.659695711961483
22.66904390462515
22.678493843626917
22.68860162200713
22.698840341350824
22.70902250836634
22.719054316332297
22.72868958009289
22.738568947922715
22.749292196862818
22.760675826908844
22.77083565971422
22.780473244488128
22.791113999833726
22.801273341423247
22.81217710202236
22.822893298982024
22.83372372741715
22.842989625594328
22.85307155313192
22.86415756811452
22.874762322326063
22.884259422816925
22.89382545341465
22.903023848271804
22.913287141896987
22.924451319177656
22.934804436502407
22.945206481426478
22.955262663441435
22.965082765858305
22.974270983570104
22.984330921753468
22.99580194551484
23.00568570287043
23.01659394106059
23.026697612494345
23.0365839312821
23.04740114725856
23.057033828854102
23.066512998388916
23.076742993850054
23.087449388117168
23.096855191604885
23.106470537161336
23.117034171859117
23.128150294367565
23.13824802893506
23.14768544981305
23.158198229600462
23.16859413570537
23.179137090114065
23.187883624066707
23.197535712879557
23.207717744988294
23.217971196144433
23.228225949996144
23.237975445455913
23.24808581663506
23.258060683874234
23.266731698311336
23.276685896399876
23.286833377101136
23.296408250267724
23.305868035978236
23.31481467553179
23.324191322140795
23.333108063307296
23.34199718388607
23.350868702533305
23.360445613517903
23.37041959524424
23.38026617611326
23.389105280237743
23.397810730386844
23.40789217499076
23.417449547692428
23.425858949084795
23.433893772514253
23.443187998409194
23.452716620108887
23.461776113050238
23.471008278773745
23.480532896162476
23.489575631603245
23.499132521171116
23.50878428673806
23.51763750161876
23.52633526392722
23.535050132090056
23.544013517492996
23.551765297513917
23.558948366439626
23.567772774549272
23.57688389572512
23.585765795266404
23.5938390650305
23.602791686510844
23.61213579682535
23.620136597514158
23.628132774636555
23.636226095722126
23.645260971399566
23.65418725125121
23.66347756934967
23.671812456849977
23.679648259454513
23.687839835076254
23.696226601011144
23.705061428928914
23.713421809500904
23.72197359870735
23.7304170784105
23.739148552520458
23.747807539889834
23.75557975976018
23.76312482829604
23.77104293914325
23.78008877192897
23.789154607588465
23.797207951136357
23.804111659945857
23.811435641966877
23.819147502055195
23.827307556043245
23.83581036838246
23.84389095364092
23.851853671236576
23.859898226203832
23.868077456155945
23.875617426447544
23.883126278203033
23.89133573163648
23.89904018957017
23.90652666289575
23.914667610746058
23.922257760492414
23.92992455498475
23.93765348304237
23.945286143598846
23.952911109757885
23.960782135363967
23.968169613292464
23.975200765582912
23.983161623250364
23.991173178065182
23.9988368480266
24.006273806389203
24.014182891940358
24.021399511123214
24.02851276396566
24.035457289421593
24.042906053569943
24.05084021767788
24.05795819813956
24.064627040911667
24.07225207827475
24.07988364873836
24.08658250515481
24.093067499198607
24.10007420692903
24.107256955311623
24.11445144517144
24.121429335771154
24.12876027540275
24.13572232146519
24.143108026241347
24.15004046239412
24.156567649438585
24.164259067438806
24.17146869687778
24.178244941559512
24.184720144840355
24.191524896746706
24.198373330094896
24.205772903282536
24.21276961033193
24.21901654227629
24.225234721266197
24.232243836044503
24.239476356359635
24.245878293692385
24.251845326420465
24.258845114557914
24.266417680128885
24.27302221897334
24.27912562719878
24.28551322611883
24.292026640721485
24.298446414692027
24.305119507807625
24.312356174613537
24.319123100499723
24.325535034036516
24.332658464583822
24.339116888945856
24.346052659744227
24.352358948358813
24.358035949598204
24.36379797044372
24.370110152598286
24.376646360003512
24.38277064033649
24.38862996255834
24.395089808343013
24.40144717108051
24.407331713388864
24.41377854520867
24.419994656969376
24.42564724514371
24.432085988938653
24.438740021754484
24.445241617668767
24.45077788733621
24.456758672343327
24.462958004136116
24.469391903126056
24.47551445591936
24.48170368096854
24.488236489500146
24.494451249246644
24.500070744071003
24.50544715236495
24.51139580664275
24.517618448834927
24.524023350499036
24.530188088105298
24.536344020113994
24.541622335125773
24.547285884325348
24.553536258020557
24.55911977103568
24.564584584228093
24.570585071427836
24.577030617207846
24.582751097384726
24.588788923758095
24.594561698831306
24.600618823262188
24.605931065179306
24.611360550068486
24.617019481385366
24.62276552663964
24.62838176533003
24.633363200608358
24.63835705265293
24.644303735720534
24.649894309385843
24.65474819361654
24.65971770340808
24.665191025476148
24.671764820952223
24.677703130015377
24.683557262079404
24.68890916789183
24.694046020346466
24.69943019545427
24.705214402817354
24.711166954942595
24.71671012058359
24.721606263370198
24.727787941608295
24.733883480401463
24.73931095371615
24.74451966866523
24.750263020768077
24.755872597996586
24.76161805122168
24.76694225950449
24.77313230832546
24.778917522377895
24.784127946754072
24.788545304786446
24.79420524905607
24.800265235547542
24.805514403498744
24.810810663650717
24.8163131858757
24.822362684598495
24.82795723864152
24.833329855437448
24.839118900945202
24.845000684222477
24.850706608861223
24.856300237835868
24.86188231104933
24.867554870947906
24.873035119224216
24.878187536823283
24.883553999024016
24.888953487358254
24.894187550301822
24.90008703142973
24.905188285456497
24.910388702208557
24.915453058897658
24.919971186769565
24.925450610698256
24.930928218920627
24.936748225473977
24.942275422624096
24.947035222312152
24.95268778154817
24.95905169411378
24.964597869398887
24.969539412264503
24.974730187162812
24.97997842038935
24.985740739328946
24.991049685179604
24.996107650994006
25.000779992207192
25.005768829663808
25.010993126939297
25.016263705390898
25.02156949718245
25.02719318100171
25.03273921353443
25.037791719788704
25.042597183102025
25.04792514926905
25.05386713286115
25.058456227062422
25.063250386480085
25.068295846293275
25.07371806654517
25.079180286610487
25.084739480349807
25.089926715421388
25.09519598881483
25.1005318579428
25.106067203023148
25.11143993383936
25.1162476610954
25.122348974803348
25.12791528230784
25.13305634224735
25.13719019682735
25.141954479863344
25.147619814959654
25.152784002589442
25.158228136242013
25.16352526103344
25.168565242289983
25.17346929787568
25.17799359123865
25.18308998746599
25.188809173691048
25.193698451840184
25.198368870388286
25.203653780400444
25.209048145502738
25.214591280018762
25.21983881264509
25.225038579109984
25.230246046525124
25.235293164082286
25.24040018467879
25.245917137093947
25.250471127368662
25.25483850239131
25.259943603908436
25.265344369111645
25.27045769500612
25.273973136704054
25.278908556668082
25.284173082004315
25.28984051710839
25.29444404638484
25.298690042998544
25.303190153460754
25.308628760920527
25.313725311877953
25.317925764866512
25.321756877936394
25.326441868469566
25.332040102263193
25.33703415731017
25.34094032523553
25.34534315435635
25.350068773677776
25.354872979406295
25.358894798809036
25.363670056898147
25.36871152235331
25.373117964952677
25.378191249526417
25.38257806460188
25.387136466780113
25.39140548583257
25.39617412429927
25.400482538380906
25.404856294098526
25.40972134895513
25.414328062706172
25.419604690234795
25.424723623566763
25.429488638989707
25.434049273981607
25.438734696049444
25.443758209708847
25.448798528964733
25.453316935281592
25.458550667457857
25.463059254427385
25.467304597423983
25.471591693492766
25.475903952785846
25.481054248926714
25.48585943647062
25.490795629697175
25.49530090956166
25.499950135575137
25.504277919518174
25.50918907152843
25.51408409357132
25.51888911014484
25.523857140806363
25.528797166548802
25.5337190424381
25.53854801850168
25.54371796690537
25.548607703278343
25.553182653840516
25.558094240739013
25.562684935536467
25.567243715417113
25.57214293128056
25.577046523453365
25.58162872208959
25.58633708919426
25.59112570409445
25.595977401060004
25.601378148976288
25.605684078879737
25.609863508294865
25.61386035534791
25.619465689155497
25.624344245064364
25.62888431718722
25.633123588334726
25.63810010047776
25.642550511895685
25.64699688951162
25.651295639289433
25.656055911870858
25.661036636985838
25.666211964943596
25.670607955289636
25.67506857459272
25.679492497455378
25.68451295150902
25.688503819215125
25.693122606191036
25.69763315164026
25.70157827310595
25.705890784944806
25.709885254081563
25.714579455244753
25.71935158074373
25.723889636990158
25.727987606301753
25.73191304944567
25.736578114614733
25.741933140215476
25.746396197565563
25.75072531282072
25.754858804145012
25.75975622583079
25.763755754015534
25.76781729311135
25.771635552749213
25.776098848502762
25.780773722194322
25.784901167482964
25.788848351128017
25.793152120944317
25.798019558384556
25.802500472002663
25.80671398238174
25.81099064521254
25.81543223230196
25.820416092679963
25.82423932435688
25.82831399804715
25.83239593602746
25.8366471650157
25.84043472674502
25.844758261134878
25.849118842585778
25.85362104344282
25.857859259140113
25.86196895303847
25.866125794226193
25.870453314744882
25.874317315523
25.878759115856347
25.88247080001874
25.88637713203749
25.890625161988666
25.89497737191767
25.8987130311692
25.90210175948036
25.905221678032213
25.90947726702351
25.91397798496256
25.918333480565785
25.922286467790347
25.92613076332919
25.93072970558485
25.93475500459766
25.938455310698878
25.94251882670809
25.947248807467183
25.951384650252333
25.95494199431325
25.95831720461296
25.962571243426652
25.96662511454437
25.97086027911926
25.974153531925005
25.978083154201286
25.982493652397046
25.98681607486501
25.990726504660305
25.994496952106264
25.99857981690775
26.002847163708495
26.00648804890596
26.01009944291484
26.012873213543127
26.017148587477465
26.02193355557987
26.026145946825295
26.029568642379814
26.033843274471757
26.03775856881977
26.040991491642437
26.045146943705568
26.04861890343909
26.05291051870253
26.056096203027476
26.060248263296234
26.064226836651734
26.068449259449512
26.072387208446504
26.07605489199626
26.079835897729403
26.08369356889697
26.08730489576221
26.090861801658853
26.094632793157942
26.09854083501325
26.10165605018707
26.104724261765064
26.10865923981294
26.11341356848749
26.11668788903399
26.12004542974303
26.124176655905295
26.128606040091334
26.132172423602302
26.13509581385651
26.13864419132439
26.142242378083225
26.146452725437122
26.150710901353555
26.153083170638325
26.15668221564665
26.160836606314653
26.163845499448367
26.16733563335496
26.17083268786231
26.174621122593447
26.178441230344657
26.18194579677516
26.185099007897783
26.188590144967712
26.192258041727925
26.19612415198784
26.199715954353948
26.203178880782186
26.206027399082647
26.209316240092075
26.213419418287003
26.216374614826265
26.219415556886755
26.222700226985477
26.226505003572846
26.22992935079182
26.23312119339508
26.236666042452583
26.24048149082111
26.24462258352532
26.24790883884905
26.25106128864516
26.254398097879445
26.25851068289682
26.261642509932656
26.26455948008043
26.267941426446257
26.271524003331347
26.274176170435407
26.27667632506755
26.279798492005014
26.283108440129276
26.28570579267945
26.28884193986473
26.292517090038842
26.29594680317661
26.298838541334312
26.301692273645738
26.305287574312963
26.30876582618034
26.31204321642985
26.315099589877313
26.31788578350698
26.3207971706577
26.324142080652923
26.32700104516159
26.330478874206
26.33325905592324
26.336881804791446
26.340241138023256
26.342956917433995
26.34585547011436
26.348963376114508
26.352189643583937
26.3556073116596
26.3584626153685
26.36163671569673
26.365236735712752
26.368013659989614
26.370315064223586
26.373690268276178
26.377081653820618
26.38033192434029
26.382760131287462
26.385428089856852
26.388361612642157
26.39163632884907
26.395123144463113
26.39839927198564
26.401640812626944
26.405021467923184
26.40787456487514
26.41060310075618
26.413145917413594
26.416233021891816
26.419486159188423
26.422738273214748
26.42563079763019
26.42885650958963
26.431957388225804
26.434797620163213
26.438086091809797
26.44167604383683
26.444445575665988
26.447101703658376
26.450603524084002
26.453833923397305
26.4566626236787
26.459112022203016
26.461799231351787
26.465673934633088
26.468823206279733
26.47180743768425
26.47500675731159
26.477799902220266
26.48023694322299
26.483447122887945
26.48611708454926
26.489043288099857
26.491747787167384
26.494635445224894
26.497871551809595
26.50104956453305
26.503635997042743
26.506949592733786
26.510264205913696
26.51329967791866
26.51605104986065
26.519178324232044
26.521893404098154
26.5244751812258
26.527279171476113
26.52969440162977
26.53186017078635
26.535088586712945
26.537964562320372
26.540864619200903
26.543389223968667
26.54561728298214
26.5482797647169
26.55183879581436
26.554259822896483
26.55687909751377
26.560382909522588
26.563168772895565
26.56609194947871
26.567930199832375
26.56998269923723
26.57294348240098
26.576263905674296
26.57874025124691
26.581320592618667
26.58413899960439
26.586756866521036
26.589081941643773
26.592031723374
26.593905473947625
26.596530736638364
26.599078842283067
26.601551934562934
26.604400092442614
26.607210883868227
26.6098234827488
26.611845993409638
26.61506839404194
26.617621567801933
26.620276148146228
26.62320952765213
26.625746749948014
26.628160562215513
26.630361189533097
26.632880956954068
26.63614544983744
26.63879146279597
26.64082934632748
26.64311426712611
26.646814313410978
26.649336236821558
26.65117429730182
26.652805580562525
26.65544124158197
26.658817399010672
26.662115403404986
26.664045649343375
26.66567947547257
26.668296489346535
26.671487764612927
26.67367838997166
26.67571030250294
26.678034420592375
26.680994936767647
26.68300327060319
26.684984727835236
26.687234086161794
26.690211971055184
26.692671175666614
26.695556811012967
26.697501478304105
26.699262634676487
26.702088716288852
26.70482833750509
26.706795917276978
26.708839048529995
26.711455389783893
26.714084253997935
26.716686426488778
26.719333475789053
26.721515388396103
26.723625893561533
26.726275388310654
26.72822921297587
26.72998773716128
26.732124251464494
26.734060534157493
26.736493574958928
26.738691220078273
26.741289483346968
26.74374949448067
26.745994530383065
26.7481383746495
26.750529389975206
26.752775730525883
26.753953597445587
26.756496372324694
26.759760240850223
26.762240645420576
26.764157866101193
26.766170947971652
26.768078453307417
26.770656913181767
26.773602106069628
26.775786486304906
26.777081793115897
26.7786881384936
26.781289589350582
26.782915247130838
26.78561863895243
26.788224759245153
26.790932920611546
26.792410509886654
26.794647067926437
26.796933458941723
26.799084858234213
26.801589020045483
26.803662283432903
26.805649554981756
26.808067149784062
26.810418554625656
26.81269879449642
26.81411069624594
26.816122797543333
26.81901277338266
26.821235897047245
26.823065208528106
26.825423008781243
26.827570447224605
26.82983560752703
26.831921960819066
26.833829869804603
26.83620507010147
26.838262496050014
26.84006772910633
26.84193038540741
26.84413190678235
26.84644202922462
26.8481110048722
26.84966964279608
26.851871178667274
26.853689950139355
26.854975643488377
26.856803044657322
26.85919670220867
26.86168747104808
26.864158305102013
26.86586160636884
26.867969866175176
26.869752214936334
26.87232219657796
26.87489172538575
26.87664849623485
26.878702999361224
26.88099932543057
26.883462917035835
26.884780535381985
26.88696414099033
26.88915637889191
26.891914996214478
26.893853013266295
26.894880522697736
26.89641997732999
26.898929868925272
26.901458971097405
26.90353749753085
26.90510604891257
26.907761352238015
26.910294719013134
26.912136087434625
26.913375437923747
26.91537819220599
26.91763237195974
26.920328398930785
26.922114700922364
26.924390009938442
26.926557408307946
26.929413468568818
26.93128063421069
26.933326523082105
26.935437899109722
26.937787812031587
26.940214563993152
26.94201929923223
26.94398831931103
26.94598954066248
26.947477791291
26.949290018908375
26.951629798237263
26.95406834244137
26.95667546222003
26.958668670314985
26.959582446565925
26.960699635255008
26.96285326454869
26.965375930424933
26.96754852237541
26.969472564518004
26.97122165970078
26.972716875131155
26.975287831119545
26.97750528135311
26.97891364945013
26.98063441979912
26.982518626431403
26.984515221936086
26.986151682115974
26.988528743999307
26.990516714056536
26.991814231107696
26.993562750225706
26.995062197390098
26.99669458427479
26.99849133452728
27.000246724501032
27.00235276083569
27.003874511512123
27.005828089845547
27.00829633024416
27.00963689100732
27.01100367589458
27.01254782367325
27.0145228226081
27.016681674281642
27.018182026691132
27.019872335553238
27.021820351636336
27.023589285040593
27.02509572485876
27.02675054553748
27.028654137315257
27.030937986215818
27.032928350218835
27.034796798479764
27.03676513549847
27.038837840280028
27.040360931390452
27.04211578397135
27.044191762408154
27.046223992516957
27.04832460735655
27.05006695713282
27.051445321588332
27.053189997672682
27.055578693588295
27.057563277194184
27.058780986134593
27.06016165388307
27.062222798417746
27.064151418594943
27.06598236418806
27.067967290201164
27.070407345586098
27.072196980852404
27.074009316777932
27.075683380106014
27.077042637030793
27.079442685425814
27.081753933177303
27.08338433895001
27.084987866096984
27.08700104280532
27.088825556692917
27.090647890627885
27.09346239498082
27.09558689361183
27.09650039928659
27.097521934147903
27.099369380585014
27.101255269723204
27.103191966238317
27.104622173402966
27.10675613474986
27.108607214389934
27.110446297444497
27.112346973842097
27.114334008331163
27.116013479336285
27.117665207654937
27.118937267025615
27.120631017154196
27.122988307875467
27.125543252680487
27.127347998587833
27.129159188714873
27.1307093006084
27.131906628207346
27.13344762463281
27.135627891507138
27.137721730614427
27.139560164936128
27.141090929461594
27.1425787864396
27.144410004986486
27.14649218794051
27.147747510899517
27.14944546817781
27.150686457004408
27.15271093408013
27.154636310834412
27.155852934830627
27.156947681092912
27.159105795930856
27.161339281296364
27.16344847978386
27.164948935926
27.16651187551197
27.16800218487682
27.169592338698006
27.171500889833297
27.172909484636783
27.174209576580207
27.17558284390458
27.17751376217616
27.179486670166103
27.18094020738902
27.182172935627197
27.18377737085931
27.18570142426822
27.187205240995027
27.18853705332007
27.19023804785234
27.191690476718847
27.193201551580554
27.19475079987953
27.196236213918546
27.197652225992503
27.199893173354535
27.20188254657966
27.203590728083967
27.20432122769719
27.205828502237885
27.207898303069964
27.209634831865422
27.211050186027215
27.2119308383491
27.213505945579556
27.215624682360392
27.21766733127535
27.21808339773468
27.219262209826134
27.22169190962034
27.223969342371895
27.224999060167512
27.226277375512677
27.22838717798514
27.23015520883298
27.23161089527517
27.23278333899198
27.233777973422967
27.235196886817636
27.237370820196894
27.239101460425708
27.240387017209677
27.24144507331605
27.242817141487716
27.24440938419791
27.246421254423275
27.24841879545913
27.249851711612333
27.25122885042385
27.252928961181393
27.255012724144265
27.256245596395527
27.257550773172397
27.25929219895065
27.26095550099886
27.262240692480866
27.263473240945608
27.264765603033286
27.266912687096596
27.26865864757194
27.27019861472414
27.271706902909525
27.273603351116442
27.275407996779197
27.276834749441505
27.27796650868575
27.2800415140006
27.281686374127787
27.283321286869487
27.284266333922503
27.28576845054619
27.287004508233235
27.288683422036097
27.290524247097807
27.292355468122217
27.293826880925597
27.295567762005895
27.29769476563697
27.299038298525478
27.300300191086375
27.301809862326852
27.303221262799347
27.305300512113373
27.307137267216476
27.3081588445171
27.309268518853397
27.31078830634466
27.3131336931226
27.31494082319631
27.316353809734668
27.31799937694951
27.319412416613538
27.321440626780845
27.323153444123932
27.32449785045024
27.325828550193805
27.327858958161283
27.32940567103912
27.3305534946985
27.33193881765907
27.333313301666355
27.334829052842288
27.336366963039232
27.33764805253804
27.33933706876841
27.340876088116687
27.342536862686234
27.343712351081173
27.345035468633043
27.346383648303746
27.347732136229865
27.349670075849403
27.351477162310147
27.352606653114762
27.3538485765223
27.356080792296833
27.35767397696028
27.358756023461176
27.359865114854628
27.361448143158007
27.36345876380029
27.36523690368394
27.36637181647414
27.367384329547605
27.368825943360456
27.370669717996847
27.37215750217758
27.373418462122522
27.375049502031246
27.376973697975565
27.37832377375984
27.379396265855075
27.38126148673746
27.382789311375475
27.3843779103624
27.38577360802442
27.38703849595445
27.388872526560455
27.390888175416016
27.392031706191293
27.392711765902487
27.39389366533083
27.395400750406857
27.396932386154006
27.39815331099443
27.40000375320903
27.401340185848962
27.40219935209612
27.40371334844054
27.405525731603028
27.407072028886393
27.40883410713012
27.410069309313233
27.411277449184276
27.41280075748469
27.414092569949226
27.41524085177445
27.416208183236506
27.4173203816818
27.418947335169527
27.42064080383122
27.422283649263907
27.423677850646847
27.42472653900284
27.425932935650078
27.42757289119178
27.428783648517154
27.43025105090018
27.43217227622513
27.43325891292306
27.433974621724914
27.435264225523873
27.437238556971835
27.438718780459396
27.43951551473574
27.441127549941346
27.442822145336567
27.44450325674397
27.446113271706537
27.44697926191266
27.447976938719457
27.449603503539244
27.451537846390202
27.452847707170584
27.453846291774056
27.4549100205232
27.456301302317133
27.457797036329673
27.458964700739344
27.460161060243685
27.461524597580237
27.46300993770948
27.464095874219886
27.465625836245017
27.466804861329194
27.468081180703493
27.469876719168553
27.470820379579244
27.471792561051046
27.473866804414317
27.475612827585223
27.4768870256335
27.478632951651303
27.479913788341893
27.480905323812635
27.482636887069013
27.484067292500015
27.48551588457773
27.48718733594435
27.489027887322987
27.490041797624542
27.49091877536413
27.492160531974257
27.493663080749428
27.495124413125914
27.496429849625066
27.49763185447553
27.49882514747433
27.500319909738057
27.502032256657024
27.502781926002406
27.50422123829327
27.506070490647122
27.507222396719673
27.50908519415637
27.509953678227763
27.510958957993846
27.512186493015367
27.513538955789542
27.515275793259374
27.51688100101953
27.518104388594708
27.519343068075912
27.520221259568597
27.521118645025837
27.522248222372458
27.523547107069497
27.52512858014201
27.526974146856176
27.527683752353248
27.52816036959104
27.52957544690631
27.53107196350495
27.532410246043998
27.533558304767944
27.534864991605936
27.536316946382946
27.537263325142796
27.538499790776605
27.539675987541486
27.540975142717954
27.542762981453595
27.543714210324115
27.5446349874969
27.546094640218573
27.5471841439209
27.54820203937088
27.549617379715137
27.551146639354776
27.55290415725193
27.554091970348246
27.55491191757923
27.55619193470693
27.55777840135092
27.558900668542332
27.559907299441857
27.56106718181609
27.56250711963142
27.563629812413822
27.564812068522727
27.566118484440352
27.567837451339585
27.569076713736568
27.570167829773848
27.571200529759125
27.57260965855631
27.57416568137262
27.575416338482036
27.576633815381836
27.577678785751864
27.57899963579795
27.58053888317373
27.58197189374264
27.58360932554407
27.58469346214929
27.585908272688073
27.587036046119916
27.5883576728135
27.590153474647305
27.591416022061132
27.592599836130734
27.593385179802024
27.594623561917025
27.596561357704065
27.597818635640657
27.598957821004284
27.60012427515514
27.60147048189966
27.602822245186303
27.603920587187748
27.60490146997073
27.605965822914257
27.607201656236132
27.60846576683701
27.609774439609826
27.611368968331888
27.612576852689962
27.613855957532103
27.61500122608235
27.616067352632868
27.61733456888689
27.619003003595154
27.62044340234737
27.62149992366745
27.62268945940648
27.62416667025922
27.625680906009382
27.6268091793673
27.627998544738848
27.62906446868771
27.630011826834714
27.63125180256919
27.632211083338593
27.632968169838566
27.63440004369682
27.636593945193532
27.637802193046866
27.638642485688333
27.63980224292758
27.64139671554622
27.64261241725199
27.643454095310158
27.644524946706298
27.64568869301297
27.646868942301836
27.647815478122162
27.648990559782835
27.650393683770087
27.651479820161434
27.652398098751604
27.653440206016214
27.654372454358587
27.65532162227092
27.656928931240145
27.65841471091882
27.659189902788967
27.660326377944212
27.6618915738816
27.6632067252148
27.664346663191704
27.665089769830473
27.665692360000975
27.667271495077017
27.66919380240568
27.67035733170362
27.670919264245434
27.67197507496792
27.673561898051485
27.674644261253714
27.675948597147674
27.67735291182975
27.67836804013936
27.679819806293068
27.680997941333434
27.681824363406655
27.682392313604424
27.684261429047176
27.685472398839348
27.686290543336117
27.6872628784616
27.688711845116277
27.68970879838372
27.69074676420213
27.69143475853962
27.69268321968152
27.69414221440006
27.695128709216313
27.696173666452452
27.697252716696607
27.698672495098183
27.699820272096616
27.701088449593083
27.701878515147147
27.703108772981288
27.704365617818013
27.705101443755748
27.70559137201071
27.70663496825054
27.708161170285432
27.709880941998343
27.710678569777304
27.711157659189087
27.712777996359254
27.71452853373357
27.715349996242136
27.71643484103135
27.717996738661725
27.71872666319309
27.71965445069594
27.720519776859707
27.72202671082971
27.72311157860581
27.72391250338858
27.724890985394588
27.72596000403614
27.72727484373172
27.728230927509724
27.729179016152607
27.72994341987299
27.73116051515028
27.732433335543792
27.733038371385828
27.734381808484883
27.73552888276604
27.73642754509535
27.737366345367697
27.738732942849865
27.739913770893146
27.741177478143495
27.742661687548757
27.74354911592613
27.74462048782216
27.74588610309783
27.74694637099314
27.747833873250272
27.74875904078789
27.74996550083104
27.750951196964873
27.7521200675465
27.7532269985512
27.754083500053458
27.75493086283831
27.755734046661978
27.756965925117854
27.75818665533474
27.75959263540484
27.760949327299016
27.761725403834614
27.76270993027296
27.76378824991269
27.765278400856566
27.76688338595571
27.768345765258363
27.76891849894957
27.769550883039447
27.7703110685945
27.771886713086804
27.77293764164719
27.773934511700126
27.775209530958502
27.776344407862904
27.77768153105533
27.778660605038084
27.779239959035937
27.780759916815274
27.782153522736607
27.783020851715136
27.7840705996171
27.785683429411705
27.786552307567764
27.787416585202305
27.78862286803382
27.789347929616493
27.790457438987865
27.791560076523968
27.79272293519532
27.79376360362238
27.79445130374402
27.795520798592072
27.796702156453243
27.797812226042183
27.799360251166256
27.80025639939062
27.801431333295767
27.8029863020247
27.80313493991485
27.804280059040586
27.80546376552102
27.806542282052508
27.807689215564185
27.808505655141424
27.809318310793486
27.810520101438495
27.811662333725195
27.812635701784657
27.813416845021315
27.813808840880586
27.814617884219995
27.815776293613016
27.81703029808095
27.817838299133864
27.819003566204714
27.820389473132302
27.821185711587077
27.822310438596965
27.823294003248456
27.824134880476194
27.82559542674067
27.826601042893685
27.827775494490993
27.828366916485937
27.829629980692232
27.83042132462231
27.831751741401757
27.832845300670957
27.833778226861995
27.834207550484006
27.835348390084032
27.836341245016484
27.83774766867163
27.838832784950792
27.839671968852073
27.84057946777731
27.841676006354703
27.842777596175488
27.84354501110101
27.844104124254617
27.84507344745565
27.846582596409103
27.84771434909406
27.84817171232115
27.849211389242946
27.85065987764748
27.85099411995948
27.851717626273587
27.852993991544942
27.85432478947863
27.85529093970288
27.856357864050658
27.857403792473384
27.85803419999505
27.85900604709783
27.859831209629434
27.860726803647268
27.861711189181918
27.862814913108323
27.863907360460786
27.864689892561355
27.865620266002026
27.86651519584104
27.86762644543771
27.868200227484383
27.869251763222167
27.87006127176136
27.87159066756532
27.872669424027517
27.873630078277557
27.87416323212775
27.87504573858422
27.875984959908642
27.877271407853392
27.878488528594048
27.879192925509074
27.880008083221043
27.880920212962938
27.881828206260014
27.883067235981407
27.884850975463994
27.885613881020305
27.886632414957443
27.88786831403183
27.8888881887002
27.89000135831421
27.890739474159
27.891608684643046
27.89302257282109
27.894467215199676
27.89491798469633
27.895590461245337
27.89703019505696
27.898141087959413
27.89860233495684
27.899734246712026
27.901068959601353
27.902156660626
27.90287307521341
27.904009008812825
27.905102892308157
27.90555397008665
27.907070727422933
27.908297684781317
27.909683784884738
27.910426307546956
27.911134653981232
27.912271829584768
27.91364087282585
27.915154324771734
27.91586144751788
27.916401657603387
27.91748695552435
27.9191757735242
27.91995137204082
27.920353610398287
27.921521214691584
27.922947855750827
27.92413671512147
27.92523011613193
27.925999587190145
27.927353352045003
27.928569576004783
27.929294837902123
27.93046617779147
27.931528870750917
27.932867006816792
27.933579424159415
27.934097873480273
27.93503568803862
27.936440069872436
27.93694137048249
27.937767845744514
27.939019046055783
27.940180317213482
27.9409284140863
27.941578586139002
27.942742000854626
27.943957974542375
27.944423867929935
27.945802733344678
27.947611560560922
27.948320710534755
27.948811880614844
27.94975128004221
27.95093239622789
27.952247120360305
27.953312742887086
27.954475172142786
27.955334394992132
27.956122045132112
27.957032272668698
27.958020240773074
27.959211246673007
27.960178166587678
27.960985181647942
27.961866049009064
27.96293461741998
27.963626358862754
27.96454907149077
27.96540139856929
27.96648711197122
27.967211260452025
27.968295459160146
27.969352211865917
27.969738869714487
27.970249452285863
27.97124134696172
27.972330175966583
27.9735009716625
27.97434988090707
27.974857356132503
27.97583796786129
27.976381254671704
27.976889753362247
27.977856220823796
27.979256623444236
27.979765013096333
27.9802893959959
27.981332452931774
27.982728908340842
27.983539205858516
27.984542278376573
27.985463702685625
27.986423059586034
27.987655966569886
27.988622131232074
27.989883769688685
27.99092494213764
27.991619773778446
27.992639643313538
27.99382268198883
27.994607788511082
27.99517031892041
27.996175383118317
27.99740507242291
27.998542252276323
27.999256505350164
27.999717907404992
28.000590278652126
28.00116109571458
28.002290512349415
28.003805053959432
28.004830302942068
28.00558952639424
28.00590748566487
28.00692694487183
28.008022996255065
28.00880160214897
28.009286352834984
28.010247204388968
28.01097349629369
28.011892861572754
28.012620557046763
28.013483522366037
28.014097536656386
28.014878392795023
28.015918539050944
28.01709374951002
28.018219006443456
28.01932284524595
28.02025368337833
28.021061475074553
28.022197892593677
28.02307196369858
28.024578445350027
28.02528440302881
28.026002958651898
28.02658922232304
28.02757235713606
28.028865452329462
28.0296107255451
28.030407620473305
28.031937597161864
28.032532818090413
28.033044608000786
28.034348810962747
28.03534018280586
28.036507510383117
28.03751749529041
28.038146686017402
28.039025884815786
28.04039239649445
28.041391051731498
28.04231915828418
28.04306261277624
28.04393101084411
28.045119140244093
28.04662648927257
28.04752845392498
28.04835158108574
28.049243270765025
28.05023546841906
28.05091143996451
28.05240946025823
28.053609926620396
28.054240247892608
28.05462373439846
28.055060943124282
28.055990791291315
28.05765891698475
28.05872081422664
28.058589689542536
28.059256623345817
28.060377167424846
28.061450585229444
28.062309761771935
28.062561481162952
28.063120785033462
28.064994069908412
28.065910826085563
28.066480794686136
28.067157680239315
28.06818518842112
28.068525525991163
28.06931369034872
28.07031410404513
28.070940295476813
28.071628571927288
28.072499116982662
28.073146879057997
28.074558055252542
28.075770319777238
28.0762411253435
28.07694150083945
28.078178036909534
28.079070119012997
28.079382482415085
28.080325522700107
28.08119968548727
28.081720310359593
28.082538595106094
28.08351706437261
28.083916725668026
28.084063595707885
28.084949791905682
28.085949773683147
28.086825073134666
28.0874318501148
28.087888206810568
28.0886489204484
28.089830901601836
28.090388488638016
28.091225375298485
28.092064897986816
28.093096180324018
28.0940601968356
28.09499877374726
28.096213097826702
28.097154956564886
28.09813451298243
28.098938888327815
28.0998330002515
28.10087502739954
28.101759814302582
28.102244129792005
28.103473294163894
28.104431892089465
28.10546950895933
28.10646611057895
28.107462183207414
28.10873084956946
28.109437564771337
28.1102667119792
28.11109720679619
28.112197836322924
28.112865822568057
28.113358255027112
28.11445456672462
28.11558044176097
28.116119725899896
28.116846434972615
28.117391399457908
28.118246819787984
28.119566799635578
28.120298045820515
28.120947986504945
28.121751852124234
28.12260355290917
28.123871402407392
28.124857865813286
28.124924471309647
28.12593466982454
28.127205804151032
28.12789147645496
28.128485447275434
28.12963636646291
28.130634291246533
28.131368805644307
28.132089188252536
28.1329194325809
28.134210347508024
28.135404025500698
28.135915104350637
28.136562329781903
28.1376739515192
28.1386918244292
28.139313666579984
28.14003292085949
28.14121777481627
28.142478254641063
28.14353532979227
28.143552306765798
28.14418166082312
28.14549177950107
28.14670906231798
28.147471233337285
28.148114063231592
28.149455740835492
28.150211474746428
28.150302309028614
28.150909513296206
28.151899198508698
28.152919749783337
28.15396444664828
28.154958903399727
28.155786099676483
28.156660274024148
28.157517334598946
28.158154535916566
28.15900033087086
28.160220818600287
28.16089422048733
28.160949026467236
28.16172323747039
28.16257631984694
28.163511703169796
28.164641275227584
28.165819286690876
28.16628014512435
28.166835347801765
28.167940536693905
28.168881749523983
28.169832080300637
28.17068847341991
28.17114561718678
28.17189493336285
28.172984647377362
28.17406676363204
28.174878191875877
28.175980994422464
28.176613255908798
28.177299368018097
28.178089110770298
28.178767984986933
28.180207447432693
28.181141974106684
28.18166723028164
28.18251361235083
28.183763647695276
28.184683643566537
28.185011308585743
28.185379068076465
28.186743442617686
28.187988457545433
28.188783460180456
28.188738284285964
28.189611205787536
28.190687981432493
28.1913801393327
28.192316377794473
28.19331152378243
28.194297992989444
28.194905265818562
28.196043386171326
28.19690416747192
28.197742048722183
28.198558734676308
28.19959403591895
28.200449034461094
28.20103376995421
28.201615584532227
28.20210598796144
28.2029498922333
28.20395561910839
28.204924484515065
28.205781431291076
28.20631913008212
28.207213977867646
28.207975326269747
28.208903445524168
28.209490606635654
28.21048199085816
28.211024777547216
28.211639486539013
28.212484534818376
28.213279888255936
28.214337135936386
28.215270557413877
28.21577723177793
28.216070448079478
28.216909225283654
28.2182147847554
28.218885975312638
28.219687121181796
28.22055606622593
28.221275647591895
28.222208422013075
28.223414309191806
28.2242139684822
28.225145082930666
28.226369058321033
28.227292420563096
28.227809873710807
28.22862472773626
28.229367425606128
28.230484168639514
28.23106225870154
28.232123232005964
28.2331556579739
28.233590682797175
28.234293314535922
28.235178506072003
28.23598563280994
28.23661927611784
28.237627967732966
28.238911526764205
28.239977830639106
28.24052441706716
28.240805586052808
28.24163498421774
28.2428560016624
28.24397178145435
28.24450777760457
28.245334399737793
28.246217061087155
28.247015945903694
28.247801905365773
28.248832995336343
28.24939290541839
28.250092891903
28.251216269943868
28.25157298155629
28.252308814280596
28.253145040575667
28.253709674770914
28.254438157638525
28.255241963185576
28.255557064810905
28.256394344631115
28.257427158037018
28.258316174282005
28.259322385448215
28.2600856264383
28.260478160942593
28.26115182335082
28.262075772390567
28.26306481769659
28.264263169065917
28.264730893787693
28.264973197725787
28.266108538857203
28.267338838341672
28.267580233059903
28.268436734820952
28.26908485816284
28.26999764097539
28.27097590403799
28.271547703893418
28.272715302609864
28.273595063118904
28.27420348547009
28.27465939659652
28.275549091385123
28.27601241972434
28.27663763114073
28.27733373574055
28.278207579952127
28.278909688606895
28.279723111758635
28.279907468070498
28.280406301291556
28.281148145560806
28.281477537081898
28.282336252504265
28.28349790190931
28.28370295835319
28.284277504883946
28.28526105381507
28.286198635517582
28.287083673794097
28.287607733083924
28.288349544637605
28.289431035159932
28.29018980072832
28.290662270212053
28.291512238518372
28.292544378241658
28.29321160772303
28.29427521919627
28.294876063924622
28.296254165398246
28.29694796050095
28.297330534757542
28.298152138481903
28.299160273348587
28.299920619927565
28.300543839002465
28.301100296077788
28.302096170254227
28.303384359743816
28.304304440454263
28.30480629988999
28.305859131514435
28.306651418086666
28.307109452004916
28.307835517696645
28.308769180256302
28.309144906130154
28.309698296992508
28.31047623036583
28.31140598614459
28.312008271540854
28.312743506497974
28.313386041281163
28.314456164848846
28.315522169132695
28.316250583211055
28.316953128757795
28.31753487200805
28.318409021897295
28.31948379097886
28.32032267677086
28.320893744654875
28.321503034863284
28.322509394698333
28.32352176113278
28.32458184149182
28.32503919965742
28.325489758564856
28.32635257515619
28.327634719182193
28.328416476448783
28.329108618652718
28.330125755889274
28.330793175531547
28.33135665835526
28.33186272694261
28.332814133975184
28.334051295416135
28.334657465161367
28.33523599068739
28.336207623491248
28.337481626567836
28.338049162441497
28.338663748944168
28.339418188288846
28.34031759808589
28.34167687326298
28.342307360258875
28.342560073940387
28.343821451011628
28.34480487336833
28.34517594754844
28.34560905252147
28.34661985796819
28.34733262253529
28.34828264874644
28.348795092356337
28.349865162712877
28.35091777478364
28.351167853126537
28.351985321768105
28.353168878255445
28.354078626858808
28.354794596624085
28.35507839913351
28.355641924156423
28.356287165121714
28.356401144451443
28.357123169979936
28.357989796351248
28.358975057356382
28.35970990437799
28.360615481510987
28.36096243975087
28.361402392112623
28.362444545619255
28.36381093539878
28.364087244960725
28.364618756443928
28.365612265707757
28.36628909452676
28.366992029235018
28.367425490102534
28.368139244339403
28.3688502759448
28.36963570631754
28.37005195672304
28.370681745039036
28.37192508982906
28.37288060361317
28.37363903343638
28.37449769176153
28.375161329101424
28.375932874041688
28.3764992559618
28.377248081165057
28.3784631175458
28.378734047095907
28.379016835216255
28.37986438701405
28.38076394315936
28.381631615468493
28.382536450340314
28.38269401489957
28.383027829466375
28.384203798957934
28.38478692471046
28.385648948070063
28.386250457844056
28.38688751326442
28.38788526431256
28.389015962764002
28.389795201172944
28.390711777395413
28.39137827589729
28.391749175606734
28.39288369314248
28.393694731850772
28.394096760328633
28.39476135393474
28.395446994600043
28.396517824505054
28.396966183872543
28.39761780782314
28.39872097026785
28.39936802316938
28.399752034335467
28.400644875735978
28.401394750949017
28.402180739668374
28.402492440485062
28.4027874788878
28.404211398875624
28.405199566262024
28.405434202200173
28.405805081587875
28.40738116522205
28.408658472977795
28.409437676848007
28.409784485967894
28.410530395871127
28.41091210248987
28.411639887048686
28.412785294236357
28.413534826387206
28.414351650878782
28.415595594015997
28.416069336482586
28.417064486066277
28.41760119897848
28.417846016460835
28.418638540229555
28.41986797022001
28.420844259549867
28.42175840202963
28.422197088240765
28.42294554643668
28.423708400412497
28.42445545709319
28.425178623533842
28.425606756612467
28.42622068529634
28.42715479497383
28.42808646510378
28.428191712412012
28.428764049026146
28.42970592248222
28.430647100408876
28.431479408753226
28.431937047235273
28.432303278138843
28.433527827911114
28.434675756445134
28.43499836058342
28.43567149298869
28.43634956517751
28.437249625099746
28.43810906206842
28.438180564458474
28.43877124479478
28.439931050158805
28.440692130653336
28.44090756007398
28.441765864902536
28.4427918804581
28.443166420197798
28.443998179822852
28.44459927164791
28.445172405141967
28.44603151999527
28.446597905598694
28.44754425871376
28.44805291554242
28.448212060141604
28.44866675127273
28.44958916748991
28.450407523013475
28.451139739282993
28.45184080868103
28.452232577066333
28.45286267870067
28.453763467377744
28.45393216188238
28.454741412013448
28.45575115772334
28.456002920028183
28.4564189797063
28.457140229714245
28.458111156244218
28.458786679792937
28.45909628287696
28.45982076216022
28.460640131653882
28.461143746607807
28.46153431535635
28.46216373656802
28.462839144830134
28.463560005753685
28.464042679394407
28.464532842495277
28.46558755881357
28.46644586029467
28.467076786213475
28.467997770477552
28.468993452537173
28.469674602653186
28.47007547143448
28.47134741851416
28.472316721445576
28.472768219208294
28.473439410073773
28.474414656966847
28.47551034307442
28.475890509820694
28.47624188192501
28.477024952322832
28.477819681554074
28.47838575469722
28.47846450309349
28.47926362597134
28.4803254038397
28.480311938820044
28.480915658655753
28.48214126068236
28.482822144749008
28.483634631708714
28.484476563798648
28.48518121606009
28.48621375423541
28.486481857078086
28.487418922661373
28.4878181551332
28.488378669843677
28.488731490583387
28.489186771253728
28.489794769562536
28.490641954020827
28.49115616888848
28.491337081378802
28.491347722419906
28.492432290298314
28.493524517397635
28.493943364050374
28.494133181178753
28.49457940544475
28.494763893680364
28.495709329530477
28.49655438468399
28.49707408132346
28.497549118098114
28.49829886233698
28.49918279072588
28.499634646751137
28.500181145671668
28.500799544420914
28.501251669500277
28.501667100249275
28.501946835960965
28.502474188452922
28.50328421933881
28.50370850137912
28.504291389286735
28.50477735056313
28.505514934705438
28.50613933150042
28.506390595691194
28.507169972087794
28.507770681991214
28.5084057530782
28.509257719917585
28.510327125443894
28.511491199409726
28.511889685675108
28.51227519935459
28.51272675660708
28.513539210069677
28.51429959153187
28.51458983118996
28.5151322543585
28.51647806870727
28.517148896441128
28.517269941659347
28.517860262711274
28.51849317840432
28.519302667390328
28.51986910342741
28.520309405910922
28.52122210817366
28.521575663138577
28.521596384049985
28.522305260492033
28.523464399168827
28.52379811712952
28.523755117131042
28.524978469621622
28.526083664173672
28.526309064019276
28.52631978906333
28.52691058837522
28.5277259722233
28.52828196038624
28.52905158566501
28.53008127728878
28.53097352632886
28.531416542237512
28.532015330779412
28.53246963203169
28.533694213966598
28.534393852568577
28.534788625021683
28.53591572085216
28.53682031254035
28.53706666941461
28.537359713922417
28.538372028719206
28.539529801197915
28.540137601106213
28.540398290051243
28.540896225594583
28.54168596910061
28.54253819872705
28.542489836194758
28.54336419901753
28.54387609031905
28.54469279452726
28.54529367569085
28.546006178144708
28.54682846636686
28.547783744541306
28.548690565138774
28.549318766378402
28.549923435273637
28.55044433024807
28.55163640151722
28.552162778110052
28.55275622699356
28.55336865685735
28.55419891999719
28.55526384333824
28.556448953172445
28.557017708486164
28.55810308777366
28.558596935479553
28.558895430802504
28.5594226525427
28.560290389023223
28.56103129105051
28.561692130192974
28.5623280976373
28.562807716690962
28.563391859727993
28.564388242051677
28.5651831538221
28.56535584753713
28.5662065047023
28.566786753340647
28.56698501533195
28.56763582312318
28.568698258338333
28.569715390950236
28.569973261900472
28.570453739602783
28.57130213704871
28.57194330547053
28.572504953025017
28.573171509141446
28.573685095862736
28.574348893486622
28.574648084043343
28.575441863802837
28.57652575153037
28.576886384464913
28.57749047251632
28.5783092795158
28.57887147696382
28.57944345808849
28.579911950675267
28.580880088020862
28.58179130821015
28.582635953563035
28.583426984575915
28.584355624100688
28.584845632527536
28.58570979814762
28.586865268530964
28.58742096711195
28.587484845764163
28.588141732365422
28.588782292065673
28.58917403345113
28.58984414680902
28.591139692960983
28.59166685210719
28.591807014164647
28.59277472078739
28.59363934185138
28.594135092617673
28.594748345780488
28.59492470336725
28.595647290769996
28.59618578701495
28.596652855777048
28.597614762445733
28.598338770458028
28.59922121001037
28.599808545682997
28.60015720244519
28.60029928201031
28.600892272561765
28.60168566080297
28.602520064113158
28.603193320673242
28.603763975663835
28.604784279007156
28.60529959097979
28.60606952127956
28.606846509516885
28.607439297507305
28.607836483465196
28.60882345371886
28.60944451707027
28.61012696969479
28.61064229837428
28.611324355274444
28.611843711280574
28.612530816245027
28.612925556149477
28.613419052889135
28.614104804775053
28.614759964304373
28.615697732003454
28.61601840779467
28.616293081863844
28.616708406531828
28.61744496665629
28.617855565534796
28.618054879877786
28.618849734419815
28.619819611551524
28.620602006122713
28.620970188708178
28.621301194636935
28.621806510083406
28.62242336819974
28.623088804920336
28.62351065579732
28.62380127592939
28.624105636792464
28.624642960730867
28.625300433653443
28.625929629937325
28.626621249975187
28.627061607649267
28.62792440751449
28.62857271867111
28.629361310372342
28.630140900371636
28.630284540369733
28.63114164866021
28.63171671416449
28.632398399336985
28.63287914389403
28.633417001612713
28.634296595055094
28.635350338179194
28.635946975443424
28.636767614661874
28.6371544961024
28.63743311541329
28.63844352013671
28.63930255478291
28.63998950106886
28.640431032754393
28.641254137358732
28.64198712923049
28.642397299362536
28.64308643580841
28.64360750015633
28.6442305942247
28.644744585883856
28.645259771031498
28.646144589434456
28.646901726579156
28.647457604144854
28.647872117991003
28.648592003581786
28.649726499983895
28.65046832013748
28.651073227243174
28.651746153360374
28.652173359716503
28.652999684625556
28.653730681294345
28.65388421623186
28.654679574676884
28.65548847557806
28.65622217564544
28.656573309878045
28.657129939693675
28.658053842715336
28.65864062816322
28.659151522736845
28.659754238211388
28.660648763771345
28.661037385407514
28.661315162697193
28.662103159023804
28.66247387313895
28.662986557810854
28.66337825311267
28.664300768376307
28.66516699389399
28.665384580793102
28.6655124209336
28.666793929865307
28.667319533346824
28.667842002756107
28.668526611081013
28.66934870099324
28.67017338993412
28.670591125101335
28.670997959736653
28.671960627958445
28.67234162189582
28.67268671135811
28.673476213234217
28.673809530223295
28.67443639877793
28.67476979672702
28.67558364816638
28.6764550356606
28.676786530207465
28.67698235482409
28.677908473062416
28.67837267181166
28.678864551066937
28.678863597304854
28.679758198109994
28.680802590455382
28.681639634804
28.681721475513147
28.682510312854987
28.683579209568173
28.68415951340814
28.68467941580644
28.68489936643671
28.685375285971524
28.685976244968185
28.686369123497244
28.687398277011663
28.688062795613853
28.68847850073962
28.688914995805
28.689896058737695
28.690344358847316
28.69088035613178
28.69102729037801
28.691952540392798
28.69282548394645
28.693086088153738
28.69367020609677
28.694900603750252
28.695345559932974
28.695682910793604
28.696279504859508
28.696966158332955
28.697624276318333
28.698172234419367
28.69840653618327
28.699183989209654
28.700183467605104
28.700321599598656
28.701375588264952
28.702288223179945
28.702691245332332
28.703215634254207
28.7036897135193
28.704547802162566
28.704953161963385
28.705216483732695
28.70596773830277
28.70665732625646
28.707028808596093
28.707489808989187
28.707955942190196
28.708557389144204
28.709261020712997
28.709747379091674
28.710050801279614
28.711017943118993
28.711654659928833
28.711560071854368
28.712059883695623
28.71258520814703
28.71316914167824
28.713656436533427
28.714158884862776
28.714715672321667
28.7154789165162
28.71586587391124
28.71664114088109
28.71690624252175
28.717170905929358
28.717900545391664
28.718661985173256
28.719458050681435
28.72000247863805
28.72039329512298
28.72114281096141
28.72206758937915
28.722391240439478
28.722640681851637
28.723579310397568
28.72394214371937
28.724480330190122
28.725384069242597
28.725814712133655
28.725846616421407
28.726701097229636
28.72759218443418
28.72829545028712
28.728788903671457
28.729165209344178
28.729762357126912
28.730610645978448
28.730828408253842
28.73167560571717
28.732355510614624
28.732850476615607
28.733582468072157
28.734386829805434
28.734935580288116
28.73575937061469
28.736562207698704
28.737063571463928
28.737821363446805
28.738067399105297
28.7384376619611
28.73943909135313
28.740369041855015
28.74080311135121
28.74161957588456
28.742396293090277
28.74267479611065
28.7434599039873
28.74409693252776
28.744688337283026
28.745015513631962
28.745721325181744
28.746148101874994
28.74688886482467
28.747289385360062
28.748042442026783
28.748412042624174
28.748972733899105
28.74932875327731
28.74994293043224
28.750480416302757
28.750721014387253
28.751640233857387
28.75222993969055
28.752821701304256
28.75322795537247
28.75365451434739
28.75394465404235
28.754521335698193
28.755447487603227
28.755864876886868
28.756238086817433
28.75690136874637
28.757564558339567
28.758417148215173
28.758967785835626
28.759342894696694
28.76013690085386
28.760915290621124
28.760976554239633
28.761270617011434
28.761981994029124
28.762804203801554
28.763112021246435
28.763730402294247
28.763925434982866
28.76496671680997
28.76534483886968
28.765661382939363
28.76644787608926
28.767115524936415
28.76779439640851
28.768987887972457
28.769296666579393
28.770055467038958
28.770670773529048
28.77105536639901
28.77175025353287
28.772648797594073
28.772788500854038
28.773400239547605
28.77403314697502
28.77431381698539
28.77522075485932
28.776098676136293
28.77669206750788
28.77705050661033
28.777747190586727
28.778367552026907
28.77899549891574
28.77991263184008
28.780840104917303
28.781137858504586
28.78175679869706
28.782378019722668
28.783346041450535
28.783468948697664
28.783671741750027
28.78500030689034
28.78536717842815
28.785306071665605
28.78591889884751
28.78680125248134
28.787242573007454
28.78776581494895
28.788621028997706
28.789102762074016
28.789814616415498
28.79031917440365
28.79100362752496
28.79189280741473
28.792441773850133
28.79301023238878
28.793733463769744
28.794643755173976
28.795244642535568
28.79546927731097
28.79623812567805
28.796813048724516
28.797595649647324
28.798262741707205
28.799040793404128
28.79978934803217
28.80043818231851
28.801134822007302
28.802002279651262
28.802598122743525
28.80303012123346
28.803656936618566
28.804109472602676
28.80511160074579
28.80520128600204
28.80645157062164
28.807316098469805
28.808045040281257
28.808044747291763
28.808577887419467
28.80927005631323
28.810181489997028
28.810724369477093
28.811125673946265
28.811818320627218
28.812935490906085
28.81324462104367
28.814230783317196
28.814877013224127
28.81510715428999
28.81592045468196
28.816867335572447
28.81737096325289
28.817875730698255
28.818182223913794
28.81878437968481
28.8197373244299
28.819984961911814
28.82073092752908
28.82134713080935
28.821901293699543
28.822337058558837
28.82312829156455
28.82386629785284
28.823886246450474
28.824649644662106
28.825264097667397
28.825594903151007
28.826207589497024
28.82664997394749
28.827404728053267
28.828356216136
28.828774853316055
28.829194694260217
28.829773814181795
28.830394476248514
28.83125084552439
28.83187972874142
28.832377923965904
28.83307725216477
28.83351972716371
28.834469134677583
28.835348683363158
28.8359739064992
28.836421499248438
28.83725606654724
28.83767691291898
28.83842093908759
28.838991906193193
28.839217207246236
28.83993809305391
28.84070328529685
28.841149148994177
28.841548462599636
28.842302775393954
28.842832969288523
28.84347258139986
28.844128531466822
28.844679197368567
28.844971048314008
28.845582467889454
28.846490198412603
28.847036220878746
28.84749046005329
28.84782335971085
28.848729724471962
28.849517407853785
28.849865307877277
28.85096352405741
28.851489801340474
28.852001443798223
28.852544616285986
28.85333684700171
28.853907076431934
28.854812340828783
28.855072981403204
28.855585172410603
28.85672107378611
28.85745239403166
28.857459490436153
28.857900855033197
28.858232925400348
28.858887039437416
28.85922112992921
28.859883208013883
28.860588819884967
28.860857710614994
28.86149664303676
28.862102307726524
28.862936297377363
28.863819580167544
28.864098977350196
28.865040573508036
28.86558498362281
28.865928359601355
28.86680938444534
28.86766723763681
28.867966354450154
28.868045094019116
28.868788472053538
28.869705672034236
28.869768550652832
28.86980874112684
28.871052888039564
28.871824839527367
28.871972262049646
28.872346246001307
28.87302826538438
28.873346625344478
28.87389848012787
28.874652406794148
28.875228745752683
28.875489314808277
28.876244904345736
28.87686542274924
28.877436163060743
28.87761981395325
28.878541866378026
28.879239374916583
28.87987803078535
28.88040271224021
28.88121101921505
28.88193268447995
28.882311219404425
28.88281932933814
28.88354064738421
28.88416789800841
28.885055510439006
28.88563928581148
28.885842557264088
28.88654596280825
28.887142334383373
28.887893394454984
28.888427376253563
28.88890554222779
28.88911236693456
28.88935971766257
28.890350638671713
28.891307960453826
28.89157738218423
28.891709915367745
28.892107284502938
28.892755023083616
28.89326884892683
28.893614783344002
28.894186376106784
28.894580356169826
28.895282282225182
28.89556559658956
28.896267735277092
28.897133824797315
28.898123284244214
28.898479959218925
28.898710311799967
28.899497792345173
28.90013383771126
28.900241211780195
28.900626295891033
28.90140212003476
28.901575898098248
28.90196789807299
28.90218978109828
28.902854838411848
28.903509286422473
28.903049881853224
28.903671738741195
28.904372605983347
28.904621210846962
28.905218976654858
28.905695091522947
28.906192515137256
28.906384152145886
28.90653356950123
28.90713634268932
28.907276381817503
28.907829741848012
28.908118122149624
28.908474986431845
28.9086401724817
28.909198037378072
28.90967945422905
28.910050724820184
28.910346137070228
28.91052477229248
28.911272560977345
28.911823655960877
28.912015248291496
28.912435465137634
28.913382691801427
28.913454730140423
28.91404996465411
28.91494425208535
28.915897858552707
28.916062614179324
28.916723156447187
28.917455213886356
28.91826161649088
28.91854994623248
28.919073218673653
28.919435910470057
28.919959243367373
28.920801367069544
28.92126927400146
28.921896861240608
28.922806076487735
28.92342813364173
28.923997900902666
28.924456152214955
28.924994255727956
28.925270944790903
28.92604821503941
28.926784940179793
28.926914368175574
28.927488230002286
28.928097111324163
28.929225101344606
28.929950150859213
28.93033236611316
28.93040287159394
28.931197508820333
28.932094059804196
28.932613480680548
28.932780450755125
28.933850453126688
28.93441891160858
28.934557554551695
28.934850294380276
28.936059585560443
28.936430421188653
28.937281461305897
28.93808443636773
28.93869387362082
28.93880631920552
28.93907491278987
28.939881605515207
28.94086285762028
28.94137084372556
28.941915684881355
28.942544568799736
28.94336996765456
28.943935169767528
28.945005057017518
28.945548596968855
28.94595976540096
28.946567035647206
28.946998431811537
28.94744573618962
28.9481207639571
28.949120737295857
28.949572247040255
28.95007556921838
28.950707159293934
28.95102419763991
28.951575847550416
28.952518515650517
28.953209636364285
28.95345922319049
28.953741931031082
28.954404476877635
28.955066361158288
28.955754927818592
28.956397936302785
28.957188848441774
28.957785416266834
28.958883702694553
28.959411902258104
28.96017781482266
28.96074300081849
28.96142232730963
28.962351607615773
28.962960839785453
28.963517703246083
28.964042165406912
28.964431980998523
28.965165513244557
28.965842157848435
28.966107242911654
28.96667221307903
28.967690631554323
28.968591005614105
28.969259834273885
28.96987351987135
28.970409570886247
28.97103752129704
28.972103481907187
28.97263752584597
28.97326797901995
28.973628258017342
28.974190408089868
28.97501151481281
28.97577088473243
28.976840838579697
28.977186744750064
28.97740800534733
28.97832278712654
28.978661289149855
28.979581065140493
28.98040169814864
28.98084813615048
28.981658737936993
28.98235628949741
28.98291462649526
28.98387528740219
28.983968078434184
28.984591874183927
28.985264018243612
28.985925730016696
28.98669501898993
28.987556172092134
28.987789381229522
28.988364108954073
28.98934528583468
28.989791852527457
28.990403867015104
28.99069274348677
28.991115395860394
28.992048531770934
28.9928427789279
28.99301784007905
28.993883250765986
28.99487199236864
28.99523530618785
28.995750099620928
28.996502164023926
28.9971131646405
28.997312268237305
28.997775859824166
28.99852009055939
28.99904531783462
28.999658946183423
29.00059548075709
29.000913891974093
29.001293935311647
29.001700439727664
29.002080327301737
29.002628731035824
29.002971447028205
29.003428050894208
29.003837720867956
29.004324945828866
29.004749784643707
29.00538565441659
29.00586739665694
29.006289200727547
29.006806197059877
29.0074590870128
29.00813049015129
29.008568571620245
29.008659903885842
29.009210245193966
29.00988851361618
29.010336381429997
29.010759313063193
29.01084002018038
29.011625982892642
29.012685831587163
29.01348657339602
29.01329208198227
29.013495146075602
29.01436547503488
29.01505931485979
29.015640842684533
29.015994437371212
29.01630522056335
29.016764727742512
29.01741238133571
29.01800575228224
29.01850525297647
29.01854040642681
29.01926600025778
29.02039662008141
29.02056693972456
29.020964900251805
29.021863369563054
29.022426228680082
29.022736694323164
29.023040138164294
29.023631605068125
29.024581444382065
29.02552024369954
29.026095604131847
29.026814763169835
29.02697350934151
29.027599609757225
29.027813777258107
29.0285192741058
29.02940817806158
29.029827882359957
29.03035743981521
29.03127411171445
29.03201624813535
29.032179199866185
29.032641420189282
29.033280519520947
29.033794101869127
29.033818428005684
29.034800275503375
29.035273399196004
29.035612457444195
29.036023461981564
29.03647907576351
29.037232387491972
29.037707361228826
29.038199510313977
29.03870982123497
29.03907922234861
29.03976325083576
29.040435110805124
29.040784297216295
29.041475991714275
29.042006759073203
29.04282316990928
29.043780094546683
29.04445595832398
29.045102464078912
29.045385105491523
29.046081002674637
29.04689377422568
29.04759018747466
29.048304658445407
29.048613572176926
29.049435249812255
29.04993210798992
29.050218352051353
29.050703267425813
29.05141820650303
29.052071618091855
29.05254840427624
29.052767122897357
29.05316665412598
29.053733519083693
29.054215347599566
29.054728055257076
29.05479927295037
29.055045257999552
29.055848124317393
29.056576668535246
29.05714394483848
29.05741018262182
29.057720292567883
29.05849990908322
29.059177330312366
29.05952972741868
29.060318726708317
29.061118789438968
29.06163777190992
29.061913699733797
29.062501799058893
29.062721418520013
29.06297511321803
29.06352745605436
29.064382585778596
29.0646975082849
29.065049142284654
29.06561223554894
29.06607105627089
29.06636130337703
29.06670753772953
29.066794340698593
29.067616515365984
29.067985520787243
29.067937915795877
29.06895843318538
29.0692278651602
29.069649878923656
29.070418503183117
29.07071882933609
29.0711919250696
29.071683800748552
29.072582814730616
29.072812973114633
29.073244386326394
29.073746906609582
29.07437168958745
29.074816389375286
29.074964914313142
29.075253084246455
29.075418647997544
29.07627581737238
29.07673248511662
29.077209259868454
29.077541772983277
29.078037537969767
29.07882700452207
29.07912243446937
29.07933922397823
29.080238696228605
29.080764602603253
29.081031462679828
29.08126119348946
29.081646772175944
29.082311259226863
29.083113416871388
29.08378728535488
29.084161664825725
29.084728069269335
29.085330217641193
29.085996688599213
29.086193965156582
29.086799745759926
29.087503849663715
29.08801579692943
29.088135704254615
29.08826304053118
29.088986475944886
29.08965699640587
29.09041569014631
29.091113652072696
29.092084489699204
29.09251486978654
29.093079525267743
29.09350933427421
29.094005164452213
29.094294144104644
29.095012629157452
29.095781140812193
29.096357143779446
29.096949630742152
29.09740062898832
29.098199379931412
29.0984488969032
29.098951845299126
29.09973370709588
29.099971726728043
29.10071958398358
29.10145571589368
29.10216092228065
29.102367854426273
29.102938818654955
29.103638693438107
29.104697658274404
29.10489352602347
29.105363545750986
29.105935402755364
29.1064097765293
29.106719336788927
29.10728014945284
29.107892666525267
29.108374344350327
29.1089766685738
29.109615427885885
29.110256777946667
29.110676803776737
29.111461074178347
29.111993028983015
29.112595722966113
29.113164949863783
29.113856510534045
29.114758135905916
29.115580847638466
29.115962427213624
29.11662168152838
29.11736971183327
29.118188808103685
29.118774283589598
29.11901177261173
29.119638772447036
29.120709249380333
29.121404049830055
29.121824400668363
29.122415069673423
29.122908993028837
29.123658587421136
29.124771249712744
29.125248630355077
29.125657330891492
29.1262433258308
29.12695892375181
29.12761277317502
29.128218490167093
29.12898559652584
29.129814362805323
29.129856078155466
29.130234403550315
29.131272822906205
29.13186917908171
29.132007862066875
29.132559095046815
29.133207986507614
29.13380766536312
29.13432714055791
29.135632122542113
29.13602346762726
29.13628190521754
29.136968129236656
29.137730439569623
29.1385196522306
29.138317106069664
29.138993359145807
29.139778854656846
29.140168302683087
29.140551810645118
29.1412791199836
29.14220568866505
29.14258420499713
29.143051791746135
29.143714413049018
29.144307057917267
29.144565574788555
29.1452514888823
29.146016255811617
29.146371109170246
29.146991272521987
29.147897721794195
29.148310095691375
29.148867993013706
29.149293674685637
29.1500596443924
29.15071654125484
29.15084319690301
29.15156358343319
29.152007705837306
29.15282335483786
29.15330085431501
29.153319343429796
29.154219457626404
29.154824066349747
29.155051338523293
29.1555081272713
29.156558918646702
29.156971947559782
29.15743045893229
29.157836177756028
29.158713732406362
29.159128949611585
29.159342211808266
29.16044740061388
29.160975715637676
29.16127115858467
29.162030444208288
29.162682946968488
29.16265386880335
29.16347046783422
29.163771261818837
29.1644626282346
29.164670647032317
29.164602603880233
29.165290747245237
29.166035294167592
29.16683401558027
29.167279677944386
29.167278059065943
29.167895978045294
29.168439609877947
29.16871691818919
29.169628052484345
29.169993861641046
29.17003981756291
29.170443816218913
29.170590866677234
29.17117025435367
29.171455641934347
29.171744334173905
29.17247955364917
29.17320605464287
29.172747362703504
29.173293014068765
29.173663911672648
29.174210145542485
29.174763203944572
29.174911209868615
29.17522600723986
29.175700426709827
29.17612808210194
29.17668179778756
29.177293818405285
29.17777440302276
29.178711593698136
29.178953578390203
29.17893875208078
29.17975029470219
29.180474851907846
29.180604839150167
29.18160700040144
29.18176078068789
29.181972816510434
29.182408560224324
29.183016450374275
29.183465877267352
29.183887193160906
29.184078739188315
29.184744229051617
29.18539248432357
29.185658275627002
29.185882239623847
29.186096383014245
29.18669379576241
29.187132609117164
29.187342707457574
29.18746826339076
29.188110456709847
29.188727426181362
29.188857763249693
29.18977657723664
29.190840884326363
29.19113957183065
29.191401152181392
29.191949726484378
29.192534651042546
29.193119142206466
29.19329169927357
29.19360936698618
29.194346960393936
29.19489389566371
29.195291676244143
29.19580164586271
29.19615534632667
29.196229737200365
29.196914816540232
29.19763200196985
29.19832256153304
29.198555431347785
29.198705806466307
29.199393292266986
29.19996518132954
29.200375116196504
29.200537912481728
29.201194376968584
29.201524696053024
29.20220989282722
29.202847998486373
29.203483868332295
29.203675641294705
29.203954811202557
29.20480583163244
29.205228060827167
29.205867532138775
29.206439267532616
29.206960793870383
29.20752961036094
29.208223963564812
29.208854486590425
29.209575754675534
29.210407495374287
29.210618717981195
29.211213749604703
29.211929676576123
29.212470191455008
29.212860136189924
29.21355854128029
29.214281503758347
29.214732199762775
29.215098796201843
29.21560732695672
29.215846236302582
29.216173197528164
29.21675254099078
29.217515928034558
29.21828926843257
29.21835872337482
29.218733542011485
29.21977803255103
29.220584896952367
29.22073171936568
29.221615816166068
29.222096937036728
29.222163096082753
29.222835525595414
29.223348359549686
29.223642092777613
29.224271721837574
29.22459294686878
29.22525079203341
29.225598501885855
29.226057146031124
29.226910991861565
29.227172602052804
29.227426376450673
29.228102713823723
29.228796877476913
29.229505885567242
29.229543163195938
29.229912914402583
29.230250741000333
29.230924374336453
29.23139121030575
29.231879131834525
29.232103640407345
29.232511348694466
29.233503640716062
29.23391754154356
29.234061041600494
29.234727101752455
29.235431129610845
29.235743067536795
29.236063564863674
29.236473472164764
29.236686746049422
29.237301528987587
29.23792548306643
29.238255949523687
29.23868256262139
29.23937488879334
29.240093432160094
29.24061803671013
29.241042194543375
29.24127169600094
29.24188788459496
29.24264526548843
29.24308752108712
29.24349601806771
29.244005814716676
29.244342966384878
29.244975716118226
29.245785232697074
29.24630568311803
29.246409425179504
29.247042167243237
29.248050099757688
29.24838136653491
29.248853709215176
29.249612531854105
29.250288796532686
29.250426323557754
29.250909130080345
29.251282070126905
29.251675136159015
29.252191597723968
29.252468924496227
29.252754572187083
29.253510079152747
29.254154720577286
29.254478681965978
29.255210377843564
29.25575341241943
29.25600160932
29.256344712046868
29.257171905823313
29.25815388618243
29.25850239309245
29.25898655053254
29.25967782410181
29.26038143372938
29.26067913081393
29.260843530227355
29.261776047711194
29.262267880830166
29.26249064431852
29.26295087429439
29.264132449810745
29.26465661574307
29.264883493569258
29.26547835185695
29.266055114807603
29.2666368790085
29.267052157780515
29.267602871001927
29.267962606722755
29.2689134625946
29.269233601565038
29.26938201902075
29.27022139960239
29.270569116622394
29.271018851519184
29.271941772152857
29.272545957340764
29.27283311180755
29.27342479259574
29.274251457992207
29.274725771788226
29.274948961664077
29.275350498806635
29.275968890228476
29.276520354389323
29.27698459497605
29.277374246255555
29.277572238863037
29.278088150556503
29.27874760174599
29.2794602445841
29.279394941419504
29.279801745519464
29.28082275948778
29.2815756209782
29.281743322068408
29.281739818752605
29.282703393784008
29.28337322245789
29.28371035266332
29.284309506768658
29.285121346552
29.285323960606036
29.285378732410308
29.286056724829685
29.28657932243446
29.286730357892708
29.28734727167708
29.287609504243562
29.28807597476903
29.288385310857485
29.289102455799842
29.289593400071325
29.289686836198307
29.29042652783965
29.290940533150625
29.291493093508233
29.291681678804743
29.291943069692135
29.292457503159003
29.292842083768594
29.29328506950157
29.29368444072269
29.294028724839663
29.294233341596737
29.294646226185694
29.29524403601083
29.295874135018032
29.296173983730963
29.296661004684445
29.297384476839973
29.29761012118091
29.29819986262863
29.298747106286484
29.298445281298953
29.298875189948248
29.299165910619863
29.299748252177316
29.300052729122612
29.30035500766634
29.300987696519822
29.301377419328727
29.301823322977715
29.30245702347851
29.302957647313068
29.303227220226113
29.30391051869657
29.30454105556462
29.304866113907696
29.305144109974776
29.305941124489166
29.306683890252362
29.306795489900583
29.306860363095492
29.307537747014383
29.308245330124084
29.308597110685014
29.308747890483925
29.30943799585309
29.309492063984393
29.31016636100611
29.310529611878987
29.31080475504082
29.310702152960562
29.31203274055971
29.31295752019169
29.312846349545833
29.313313979063672
29.314167047297225
29.314544916614228
29.31490223820846
29.315370513662312
29.316031926294556
29.316696038230262
29.31658539682659
29.31714369966336
29.31768923309386
29.31828788883552
29.318909287168164
29.31951725399546
29.31970406570674
29.31991131438891
29.320869287576823
29.32137446089367
29.321772080570888
29.321956382100108
29.322181703085263
29.323169695018528
29.323508006421367
29.323778339185896
29.32428938758122
29.324777648752235
29.325502706624892
29.325858942913463
29.32629436674639
29.326575128669784
29.326690847751323
29.3271292566191
29.327805908925036
29.328393199672206
29.329150950581216
29.329580734998842
29.330142501763703
29.330229389700534
29.33054502919581
29.331424996187575
29.33221279583691
29.332609278861568
29.332968815723994
29.333827648399033
29.334588885636204
29.33509850395765
29.33575505270486
29.3365161986144
29.337400944321466
29.337875967874343
29.338169925653652
29.33869657289444
29.339280395829036
29.339862357442197
29.340501772884924
29.341078518962096
29.34138269010326
29.341828696508454
29.34236547422026
29.343107966400353
29.34376681372823
29.343949389844273
29.344704533716303
29.345132170749434
29.345922479303876
29.34633441052815
29.346886805176972
29.347508260405164
29.347837683514694
29.34848394676265
29.348973826229262
29.349267092207462
29.35016150035498
29.350556559599
29.35087662464257
29.351639980483746
29.352540134513468
29.352821425170788
29.353208162822707
29.353979593926255
29.354580312136367
29.354902097114916
29.355876524266943
29.35595319938299
29.3567405410097
29.35742252892682
29.358216952463376
29.35854309540538
29.35869974313203
29.359628428171245
29.360161887692318
29.360536518073893
29.361465642854867
29.361977244918222
29.362213737961422
29.362608459053273
29.363307663989573
29.36423008644299
29.364459183816205
29.364729492640286
29.365364879555237
29.36610609277936
29.366072060393908
29.36630153571187
29.367000825952886
29.36758497119204
29.368053721709543
29.368579644310625
29.3691773863178
29.36951434880278
29.370211742368145
29.370503615222816
29.3708720548895
29.37144936754272
29.37209663859153
29.37249826456767
29.372388885416004
29.373115966749175
29.374310621520774
29.374620871232146
29.37492198752674
29.375304620908928
29.376078836930812
29.37644079856053
29.37664813872673
29.377411669976567
29.37799173674817
29.37818938334166
29.378783840828937
29.37912855030557
29.379370949020903
29.3797827227571
29.380475112689403
29.380804548073204
29.38108297183408
29.381674269081945
29.38220101535253
29.38265273631429
29.383126377890708
29.38358821529775
29.38417961372645
29.384537933795674
29.3850658576483
29.3857790290023
29.38616234106825
29.386741478540777
29.38718455628193
29.38770618502515
29.387810813752253
29.38827962113479
29.38892698973692
29.389207944156897
29.389529413517586
29.389981340912033
29.390704465475284
29.39103211258619
29.391298657397517
29.391647553400947
29.39184506461768
29.392193406495785
29.392680349723253
29.393291045592257
29.39341497759171
29.39398849932241
29.39449426204311
29.394842984150742
29.395103830427157
29.395430774718427
29.39618683340492
29.397072547663793
29.397690027211176
29.397630490127675
29.39815154677521
29.398704082325885
29.399421481366154
29.399745728329595
29.399999408172604
29.40055384981523
29.401546037438315
29.40166071152248
29.402159011251424
29.40245371197029
29.402941121743606
29.403356341365424
29.403873774312675
29.404858602834953
29.405271220276425
29.405694516994654
29.40579427148185
29.40638493350979
29.40696756981376
29.407329627913196
29.40802677298073
29.408596531656382
29.409612957423477
29.409958905048157
29.41036663408436
29.410960728371723
29.411234411963676
29.41192570867176
29.412321949467447
29.412787673661775
29.413181986463588
29.413749998039883
29.41487584588679
29.41484406591643
29.41466742834286
29.4156219951103
29.415918447784094
29.415757246764098
29.416190095288087
29.416818908905356
29.41739996637095
29.417562496803484
29.417526293903574
29.41820402258807
29.41873536647472
29.418803022062725
29.419072738168637
29.41945475104312
29.419727597262796
29.42062621668495
29.421354851037947
29.421576449769574
29.4220288828029
29.422448604832105
29.422911691221284
29.422737429102405
29.423138692719615
29.423724395231755
29.42400898182431
29.423949942164008
29.424474786210858
29.42498708151856
29.425507360497868
29.426044805154874
29.426379351835674
29.427023690715956
29.427648703039036
29.428195045360606
29.42824546253755
29.428795077467633
29.42958847376595
29.429905075837176
29.430163199635327
29.430820089624635
29.431258058481312
29.4316556385067
29.432035818279903
29.432582079753395
29.43283821026981
29.432861284784238
29.43337020602423
29.434167079447484
29.434734242276956
29.43510721771805
29.435539812059535
29.43603505385642
29.43620515472784
29.436909862429694
29.437404289769816
29.43753151787927
29.437681049181762
29.438375217764477
29.438636964045454
29.439398647789055
29.439601812641687
29.43998067487181
29.440680639572953
29.441305508016328
29.44200670032433
29.44232429354406
29.442728299495844
29.442946108710654
29.44356511026534
29.443841358504965
29.444569427785225
29.44494111026429
29.445815891641658
29.445900130679018
29.44652763545303
29.447106050075714
29.44755417837735
29.447565069144286
29.44784249830061
29.44864680183402
29.449366775752598
29.44960200821783
29.449795343213484
29.45043785686061
29.450963346107567
29.45119803574922
29.451511097907147
29.45221855614689
29.45252938339437
29.452895298006965
29.453419692653515
29.453659721703893
29.454179852541426
29.454961917991337
29.455554759190004
29.455810017385275
29.45603791123487
29.456655397479253
29.457329182988406
29.457584450627987
29.457717070868977
29.458119432638597
29.45861362821801
29.459045567294623
29.459587193216883
29.460036653209222
29.460409695465724
29.460942408587844
29.461105463916187
29.461760870410775
29.46213991511822
29.46286444226763
29.463154210386946
29.463387480354818
29.463932169066105
29.464799151707236
29.465287245915807
29.465369709956484
29.466299671167842
29.466884943090168
29.46747452992714
29.46784379190989
29.468314738163667
29.469146492505462
29.469450907657606
29.469875147274077
29.470429375672907
29.471055144685966
29.471594319268192
29.472369853861338
29.472772871848896
29.473311681738803
29.474006523058492
29.474642915234543
29.474966042501094
29.475146401630177
29.47587022044879
29.476400976833524
29.476816391224986
29.47713739152677
29.477426077983566
29.477594591514475
29.47782440936702
29.478304373137448
29.478510234028374
29.479270882891644
29.479858315977584
29.480099041781788
29.480151122181034
29.48040767497574
29.48162347323386
29.48213963531101
29.482370851032794
29.482872994315436
29.48336271484721
29.483655381706683
29.48425209396421
29.48443224033212
29.48479457215148
29.485390749486278
29.486193718710155
29.486632970588595
29.487238295587993
29.487646126720996
29.488179490079716
29.488285049058597
29.48852841198366
29.489325167169813
29.48964263958044
29.489663040834017
29.490632694335496
29.491071755764942
29.49160395726736
29.492109265288434
29.492648293775478
29.493201074573246
29.493724892389608
29.494062240993834
29.494596020399474
29.49508254402926
29.495351156299925
29.4961986293386
29.49666337430209
29.49671491220205
29.497492108593196
29.49883296981275
29.49853623944549
29.499008850240948
29.499633985076734
29.500011041909943
29.500520286476423
29.50094284592245
29.50143960630838
29.501693803032577
29.501953001071023
29.502197089481903
29.502686580067255
29.50308617182163
29.503799496843236
29.504139270005197
29.504524662936696
29.504441119203413
29.505365565104107
29.50572308933658
29.505464219436995
29.50614623429997
29.50719335639271
29.507399786655707
29.507286835056515
29.50754238835609
29.508486451748226
29.508933939203015
29.508661862687067
29.509388830299613
29.50997696406223
29.510553480168458
29.510853804986574
29.511352178820403
29.512016004660786
29.51236563198426
29.51244180549444
29.513011649024875
29.513220963644578
29.513790635216417
29.514240679216222
29.514493804178542
29.514382936110408
29.514648644884712
29.514906226184088
29.515467488537688
29.51626456452211
29.516521529222075
29.516970519460422
29.517610783250127
29.517911794438984
29.518462907721393
29.518745313463263
29.51888461643188
29.519153098154675
29.519757538752284
29.520353763887158
29.5207841851539
29.521227839899144
29.52151666126211
29.52185459492746
29.522433133444487
29.523053158071797
29.52362059232723
29.5240693811899
29.524137330383
29.524394473141005
29.524913383989
29.52507915971342
29.5254762077016
29.52618288220675
29.526813685427157
29.527069930257102
29.527607435450008
29.528092847721894
29.528202633429753
29.5284791514155
29.529192407630692
29.52928643235698
29.529786347279302
29.530425336558352
29.530665428813435
29.531067421582037
29.531309095141744
29.531441314058902
29.53203547323069
29.532539093117013
29.533040732266937
29.533132861274282
29.53361924646405
29.533820589076136
29.534445373070362
29.535210447884538
29.535426884659298
29.535563723020218
29.536100629981057
29.536492984355142
29.536681249209494
29.53757305378383
29.537942282153267
29.53812565624164
29.53871400497995
29.53896717958953
29.53926055819078
29.53987387540801
29.540372589206868
29.540586839013518
29.541019311145146
29.541372645577976
29.54166906055645
29.542327263678644
29.54310501118077
29.54313357325009
29.543306280994138
29.544074445804313
29.54475889636299
29.54514714214171
29.545474387527463
29.546301724159377
29.546535253017147
29.54746260652165
29.54789522698153
29.54788239808186
29.54855276671015
29.549413028604135
29.549577419147504
29.5497729605058
29.5500856654354
29.55061330174246
29.55135744979242
29.551684711109353
29.552104064171836
29.55235116064529
29.552806781657267
29.552669142829444
29.553330342288614
29.55403104459419
29.55424313288112
29.55470718510883
29.5552610055023
29.555371861531437
29.556339867711394
29.556730949180757
29.556893268257703
29.557664388256587
29.55804422527369
29.558288148783646
29.558650722587373
29.55928222831802
29.55997609329319
29.56031895418839
29.56093440026393
29.56131357338304
29.561638068189076
29.562106686527926
29.56244965958342
29.562427803514613
29.56260313148477
29.563248395695712
29.56366309753031
29.563915222606923
29.564552814826577
29.565308596188146
29.565529183367172
29.566317417351037
29.566795811274872
29.56764942418944
29.56808956285121
29.568406777678717
29.568944447954905
29.569471652361624
29.569918955735602
29.570652768156556
29.57134038950141
29.57151503604624
29.57170226120601
29.572177215533976
29.57251327220146
29.57333258983428
29.574020304312107
29.574563017261696
29.574787674654964
29.57477821094807
29.575470056291557
29.575951433698794
29.57701251343228
29.577355916772493
29.577987180779125
29.578534847368417
29.578917598335522
29.57967952779192
29.579935309309132
29.580183067375316
29.5805091991664
29.58075119645818
29.5815165563992
29.58206068219582
29.58247151752719
29.583119811337788
29.58349828262201
29.5841032342625
29.58482987025153
29.58530965686707
29.585795714056168
29.586253255884166
29.58668814588684
29.58728194633933
29.587274680882505
29.58798099153253
29.588156817437806
29.588558866697426
29.58919080312996
29.589891982869684
29.590250629954674
29.590371083435073
29.590834548598487
29.591223302739674
29.5915223086353
29.592126199146897
29.592412508714467
29.59261690998018
29.59303132463258
29.59339501116988
29.593843816925855
29.59426936969878
29.594636759143853
29.595125052303153
29.59559921287875
29.596057192023043
29.59649287806122
29.59675101610834
29.59736991696098
29.597728064853168
29.598228809039867
29.598827647315492
29.599449849413574
29.59970313141197
29.600077846547865
29.600871074069506
29.601100202516655
29.601530697454024
29.602014167252513
29.60244194242076
29.602710544425133
29.60298300640718
29.60374933026278
29.604328090949505
29.6047224522098
29.60540914252973
29.60614489002834
29.606034197893848
29.606601307454063
29.60719874777221
29.607584272211994
29.60798910250861
29.60853872875326
29.608985546350862
29.609684693401558
29.610240472159838
29.61045419644474
29.61113340274016
29.611769677750196
29.612063210690334
29.612442810429258
29.613322381712216
29.613791845514534
29.61405466256931
29.61476490173075
29.615449541671683
29.615872211584918
29.616256519192234
29.6166421156723
29.61671201972181
29.617179033066986
29.61785096177989
29.61837894395293
29.618574140674667
29.619331734160316
29.619378563619414
29.61951826862521
29.620175170003662
29.620660065204873
29.62106181689672
29.62084442114054
29.621561537200456
29.62190771732372
29.6218265506339
29.622477827644982
29.622659800188575
29.622912671789624
29.623407772347235
29.62381036015274
29.62434250760447
29.624461275118563
29.625028936284753
29.62543800420844
29.625468635447255
29.62589088085517
29.626444428695116
29.6268542849051
29.62672398451817
29.627242811529747
29.627878616719798
29.627985647316635
29.628393454001195
29.6290742241369
29.629366465289188
29.629624544132763
29.630202010391148
29.630451382637
29.630729119625183
29.630816092761428
29.631264798001745
29.631790028686392
29.632047755876805
29.6320877828385
29.632332954644905
29.632918221273204
29.63335177101282
29.633329437322104
29.633798477717733
29.634051964008417
29.63436525801606
29.635178660620028
29.635511837196745
29.635935518144784
29.6363504350389
29.63624590890387
29.636844093745665
29.637402884199574
29.637733874163196
29.63808825389826
29.638032495851746
29.63861068226702
29.63914131563363
29.63939460939775
29.640063108852562
29.640841642551425
29.641027560098646
29.64146770132427
29.641456522032463
29.64201257476939
29.64263075186405
29.642705636063805
29.64339452263364
29.64377098081968
29.64391741574229
29.644585966418497
29.644856354156815
29.645313138320105
29.646137317080626
29.6461933607317
29.646597499720087
29.647074008266724
29.64718424572437
29.64788130842807
29.648229589853745
29.648629892261873
29.64912854134805
29.649738653901867
29.650188101734457
29.650434904404058
29.650673570160894
29.65135494875672
29.65183467095171
29.652055388174183
29.652597915165874
29.65298577980226
29.65354851103619
29.653982175254022
29.65419126755687
29.654470122220197
29.65483393445235
29.65543402118527
29.656005029280387
29.656247881765854
29.656809158010404
29.657162367673703
29.65763634741929
29.658294587198696
29.658949852226165
29.65944290342014
29.659970407655386
29.66072921876247
29.66135560831781
29.661608186486234
29.662279327069673
29.66267997543458
29.662801477537823
29.663620421698024
29.664091927938752
29.664613844874008
29.66497164708347
29.665630922552182
29.666199579886573
29.666992505498424
29.66711413279535
29.667682140648814
29.66841087501433
29.668611698497624
29.669058034609684
29.669604894649325
29.6701864163079
29.670858838392455
29.671094208690867
29.67158437587022
29.672153371808392
29.672436456690704
29.672513776256988
29.67318270594731
29.673985573068798
29.674342283697612
29.67467812126251
29.67514158410593
29.675637055277022
29.676062903499133
29.67650141600795
29.676949654478374
29.677364267076044
29.67823813666151
29.678626694823606
29.679372980887273
29.67978914202091
29.68035547349327
29.680711276769234
29.681075613183637
29.68185905219247
29.682080608391672
29.682760742709707
29.68347994897201
29.683627534988524
29.684165307638253
29.68454969599768
29.685076845269744
29.685714680873563
29.686267706001615
29.68685950167718
29.687206460351963
29.687521318672875
29.68818762649336
29.68862856938796
29.689008686030153
29.689344280279215
29.689916540006635
29.69057187706643
29.69102569530856
29.6912585230914
29.691470263055606
29.69186122140394
29.692583345666186
29.69282149237085
29.6929162690674
29.693807130899657
29.694501239722513
29.694710996244012
29.69534371877296
29.695870113519543
29.696423632528074
29.696902524696448
29.697039479970634
29.69725967728863
29.69771413229674
29.698341529092275
29.698774237074783
29.699071100505297
29.699714871120626
29.69985875652272
29.700178441767257
29.700833931991177
29.701318214654492
29.70173798702814
29.701997533439464
29.70249578214457
29.70321906323088
29.703546187742692
29.70407767303742
29.70455256092542
29.705211093971187
29.705803194563266
29.70630975628331
29.706741378933934
29.707265131256435
29.70736382549653
29.708246420525203
29.708122954471495
29.70894648085602
29.709782416824197
29.71011186428024
29.71005486947078
29.710630563368458
29.71149315114594
29.7118343814463
29.712044806472512
29.712726142123252
29.713309952148357
29.713667396676673
29.714086936484314
29.714070973431433
29.714854333347716
29.715354277951835
29.715833530094628
29.71614044748231
29.71650795051009
29.717241593184887
29.71746777873347
29.71767366977363
29.718219283173255
29.718595548771134
29.718949845329945
29.719362766626105
29.72011314147497
29.720552052952492
29.7208886272853
29.72126674157384
29.72154588223998
29.721998074719135
29.722487927639953
29.722792251445135
29.723355955742807
29.723803341405187
29.724599290710625
29.724488092405817
29.724512722445894
29.725140085446338
29.72557096212953
29.7257806588979
29.726128705605532
29.727138861561993
29.72723619841169
29.72760326797591
29.728045128268224
29.72824074582823
29.728595990615023
29.729276874163922
29.72947791888859
29.729531160569216
29.730368750508017
29.730727429697875
29.731481854590243
29.73166023049256
29.732042873502014
29.73263801547102
29.73314099128851
29.733741544776635
29.73425846587157
29.734830068863495
29.735115690450176
29.73564745494142
29.736360086210276
29.736603545998356
29.73726215113624
29.737520905489486
29.738080668520087
29.73848161128123
29.739217238902658
29.73994162148295
29.739776366791478
29.740253266383704
29.74078806177996
29.740865798169853
29.74176012009069
29.742243108914586
29.74275803958589
29.743048441542115
29.743612068243685
29.744197738492723
29.744294363682116
29.744859918482163
29.745261499392743
29.74557411798161
29.746154567841316
29.74679432960377
29.74747457388502
29.747767073761594
29.74800363333784
29.748373986353585
29.748860150324372
29.74930864816164
29.749869303095945
29.750365139479506
29.75112183456272
29.751413824677165
29.752120500307345
29.752652908451562
29.752957586612517
29.753743956781896
29.753934849465644
29.75433993326314
29.75494884288382
29.75510602351862
29.755593411405258
29.75613602763118
29.756309239202018
29.75671012894688
29.756959315317477
29.757575839195432
29.75781272714872
29.757947722373785
29.758633458099077
29.759318941547818
29.759656384442682
29.759868629456612
29.760329047271433
29.760705388632978
29.76089797406779
29.76135452511656
29.762075815905483
29.762050358235257
29.762424214252352
29.762938771413655
29.763328185663937
29.763934943255567
29.76410749447329
29.764066916476985
29.764863080702856
29.765378687355316
29.76549768327118
29.766011850372482
29.766601802001663
29.766272282634766
29.766803232979665
29.767360076297635
29.76728464708242
29.767436916185495
29.76805894154351
29.768593838382063
29.76904720618698
29.769300257448794
29.76966405137884
29.7700351137239
29.77048948353113
29.771092928305084
29.77134022766451
29.771263989944664
29.771831049535407
29.772216197364987
29.772504474731928
29.772920561153494
29.773570505558137
29.77362331214283
29.774083430566122
29.774302031375303
29.77481106328875
29.7751590380658
29.77543324139001
29.77557915298074
29.775857946628914
29.77630881670229
29.77675011062347
29.777219987583663
29.777280910853744
29.777929283557082
29.77850626386786
29.778967325629736
29.779696732186633
29.780208566375478
29.78019861687313
29.780445129383427
29.780899583075193
29.781118275660496
29.781338937754356
29.781741246652018
29.782000044569035
29.782439840287225
29.78262737015632
29.78290790297269
29.7828918350665
29.783105545095307
29.783354874298887
29.783716337331875
29.783963789275102
29.784296566260565
29.784713139532837
29.785248545251296
29.78540051990165
29.785558695808675
29.786172919808912
29.78638631294249
29.786745808580363
29.78697918059032
29.78709198381853
29.78763560223587
29.787753419285337
29.78802694588716
29.788642898852487
29.788743277636858
29.789107727404883
29.78971615250362
29.790308291462907
29.790416439653118
29.790997555209053
29.791872846240686
29.79225092917983
29.792692973645572
29.793063733110557
29.793530498912236
29.794070156744034
29.794570127301988
29.79486119579834
29.795276334748046
29.795953077716085
29.796170617235088
29.796150028536438
29.796778203502235
29.79711417675581
29.797517145285177
29.79773453085569
29.798394115545456
29.7988707369159
29.799301421889133
29.79965810759414
29.79975037727558
29.800301832109955
29.800685478816945
29.80106370356018
29.801268137254496
29.802065714258475
29.802540793092742
29.802840301332736
29.80307656131071
29.803448634731673
29.804163731172824
29.804557976491655
29.804988011930824
29.805401116600425
29.805928004863354
29.806295189640455
29.806423989851126
29.80682627126328
29.807240745294557
29.807469936457522
29.807702324514356
29.80794565360315
29.808477016861602
29.80920198152338
29.809220945980144
29.80983933299264
29.810302143412937
29.810562058795554
29.81109332187846
29.81186928920664
29.812234617451153
29.812977674676873
29.813502025367704
29.813556759555016
29.814035197354972
29.814755210834708
29.81533565112377
29.815405318082785
29.81576796458155
29.81648367293571
29.816975591740494
29.817233506879933
29.817805683077367
29.81838860559143
29.81848989129366
29.81887733687906
29.819498321757983
29.819638850401113
29.819899182980215
29.820586560817333
29.82076453193233
29.821156043069013
29.821479902644697
29.822091533068864
29.822286963268887
29.822775645872216
29.8229080464111
29.82290503507312
29.823869909135233
29.824421200154966
29.824494265902736
29.824454299399687
29.824967201761634
29.825814170886424
29.82593035468422
29.82618293619418
29.82646620029429
29.826502534826904
29.82686973894051
29.827212292815148
29.82756572913662
29.82799905614375
29.827991039886655
29.827870126682967
29.828745305964596
29.829531130627167
29.82952680311708
29.829951134044354
29.83040271277058
29.83055251965087
29.830883092693526
29.831491495031464
29.832086391633304
29.832543235547774
29.832762757683735
29.83306655979398
29.83354296865075
29.834128559712564
29.83425305499177
29.8350981137069
29.835738590289253
29.836023291098364
29.836143724596248
29.836489895388723
29.837010818140403
29.837339219262773
29.837571589130555
29.83783084548992
29.838400924126105
29.838951327218027
29.839596077552066
29.84005202274988
29.840336039205383
29.840840596418204
29.841301196906027
29.841584991014656
29.842258216631997
29.84251770659629
29.842950314227163
29.843394564853757
29.84364324136335
29.84379398300397
29.844124527355135
29.844567449378946
29.844839134353972
29.84550304840777
29.846326986632214
29.846580203198435
29.846793923045105
29.847331307812112
29.847446630622187
29.848194382888565
29.848532609490945
29.849034440595368
29.849538308020442
29.850061597034795
29.850300470684438
29.85041469881358
29.85081372370682
29.851227465207565
29.851286092449104
29.851807869474296
29.852608030302804
29.85305051076912
29.85325657409794
29.8536261915981
29.8538775217409
29.85413916490326
29.854816543649147
29.854736242600808
29.854891777191096
29.855516002664718
29.85592197088677
29.856499671302995
29.857044710291248
29.85730629713565
29.857542069414187
29.858196390467754
29.85854204224178
29.858984674913778
29.859287415800537
29.859419676086702
29.859539172899655
29.860000697136336
29.860333453480937
29.860915546885806
29.861257573703593
29.86141474411138
29.861891941106865
29.862483779378127
29.862650588867048
29.862987624747774
29.863863293621304
29.864414846619745
29.864641893123142
29.864773085294264
29.865299829224135
29.866146771998316
29.86632844421092
29.866715198205615
29.86703309318269
29.867368047507917
29.867846233146462
29.868387091611215
29.86842690310308
29.868725410825803
29.869180094506195
29.86938423634956
29.87010801768637
29.870455302111548
29.870772430340075
29.871135963212218
29.871602733587977
29.8722339375692
29.872549119612057
29.872738637069265
29.873263771553372
29.873552456211918
29.874092893625956
29.874773885429867
29.874950049317302
29.87518358754579
29.87554824936724
29.87603560183093
29.876085724557836
29.876374554054074
29.87690463282593
29.877186916082184
29.87783420261652
29.877886525130016
29.87821531917582
29.878703230944552
29.879228033692648
29.879935731243336
29.87982212960295
29.880177578241845
29.880948076599076
29.881456639648523
29.881539574004137
29.88180280991241
29.882252700455464
29.882901566325163
29.883131267154234
29.883198593335276
29.88395691728573
29.884250138630332
29.884417565880455
29.88512159146298
29.885348752514005
29.885939531615445
29.88634337353773
29.886524896208417
29.887387059433202
29.887670410652177
29.88796403088788
29.888276774049988
29.888868608490178
29.888896639003896
29.88939646585029
29.8899868400385
29.8902924768168
29.890394201395786
29.890709895451607
29.891134161861437
29.891380244917674
29.891578305927304
29.892043530578178
29.89211460399065
29.892474385755825
29.892812911654506
29.892689070464765
29.89328887043557
29.893703197106444
29.894164818302542
29.893902336856073
29.894439887089156
29.89474661929774
29.895042603342873
29.89541023608085
29.895790698092327
29.895827296679663
29.89640791887495
29.896727277344255
29.897085899765994
29.89746284445466
29.89802551803389
29.898174245124032
29.89850050365833
29.898691334514528
29.899486992530182
29.89948275474147
29.899852608458758
29.900285629284475
29.900449658936992
29.900781746842444
29.90157033483953
29.902097628318245
29.90272631892399
29.903162058881083
29.903483717745726
29.90361797652418
29.90399496509014
29.904628333287402
29.904753744501825
29.904971955261466
29.905684629984858
29.90593549214052
29.905800818121733
29.906245339328837
29.906501244367227
29.90680829289678
29.906931429913286
29.90734201449368
29.907376648453038
29.908195285907155
29.90838839450977
29.90862647778688
29.909269470797682
29.90947517972989
29.909664853260246
29.9100401987374
29.910509241197012
29.910658548384887
29.910916294668365
29.91153023722752
29.911924102302265
29.912357767537824
29.912835405520106
29.913223151942447
29.9133869612184
29.91366676853025
29.913998408007917
29.914217644390607
29.91508115628937
29.915146329615435
29.915583741849375
29.915763893970052
29.91627726092171
29.91657246214708
29.916783857559146
29.917444685996518
29.917514561851995
29.917650190550322
29.91825126936888
29.91838960327253
29.91884396888089
29.91886395793808
29.919366564262546
29.919672163937502
29.91985485750403
29.920345708075303
29.920424660785464
29.920982168452397
29.921172398149196
29.921402065077825
29.921470582189464
29.921772855366573
29.922375683555433
29.922381395925285
29.922428174733113
29.923143399682836
29.923482645227818
29.923319365611768
29.923897699009384
29.92394061987912
29.924230451287638
29.92484061472161
29.924974724268907
29.92515025092779
29.925664830647726
29.92599598846799
29.92622681200258
29.926486143155067
29.926549563404595
29.927148773523975
29.927130283730477
29.92734073710528
29.928009996838814
29.928140911508446
29.928372090868272
29.92863089745689
29.928672915681265
29.928881282043157
29.929334214811405
29.929454236301012
29.929469102609406
29.93035874719238
29.930354371007756
29.930367266342458
29.93082446624158
29.930805054297668
29.93113069305181
29.931911200626978
29.932066709716217
29.93275018387422
29.932967593490556
29.93354469654821
29.934141193214927
29.934384799605102
29.934607435719528
29.934732108305752
29.935311676545233
29.935843103031388
29.935769671899443
29.936187479413668
29.936516784267013
29.93686582686206
29.937139968662613
29.93754456790747
29.938040251762665
29.93798553455663
29.938539975910757
29.939124999136084
29.93907772916996
29.93940530405068
29.94012746155404
29.9404076457154
29.940605079126755
29.941301382646333
29.94167883752448
29.942201572162617
29.94249851617207
29.94283103260893
29.94311882419906
29.943742830968333
29.94406631255625
29.944030753133433
29.944326330942282
29.94481971338264
29.94536578010315
29.94537868200915
29.945736017020327
29.946337603626954
29.94648647014763
29.946841026126656
29.94713900327353
29.947275413518067
29.94782751146004
29.948129011206454
29.94822542168627
29.948462673726738
29.94876017531577
29.949079046957795
29.94926916165823
29.94983897207217
29.950083654936076
29.950457854134548
29.95087035911281
29.950932412972662
29.951083829741446
29.95161145855377
29.95196949535352
29.952558269981388
29.952596681140854
29.953255061795097
29.95359953101291
29.953913556478852
29.954254216452316
29.954664993335086
29.955402215412917
29.95558542584956
29.95561230224713
29.956087883551085
29.956457025420278
29.95710495651217
29.957303733705245
29.95732464123645
29.957675891935423
29.95782737608422
29.9584777607968
29.95849780825108
29.958845978853148
29.959241288940493
29.95941937871986
29.959632525795037
29.960137140361333
29.960758708039663
29.961206520404264
29.96117785836008
29.96154500321939
29.962033855225357
29.962217717285377
29.962821751145995
29.96311043652572
29.963155086490897
29.963621928513714
29.964073173957058
29.964408398115086
29.964694166629158
29.96507268552051
29.965462365309975
29.965725868264762
29.966098276671943
29.966699897500458
29.966992631596522
29.967443397868973
29.967487213893527
29.968068448340347
29.96841985860424
29.96881727624066
29.969239244716572
29.969475004200113
29.969787712000095
29.970593481689694
29.97086160232973
29.97113745875597
29.971350369030315
29.97204809900897
29.97262726219452
29.972804434633836
29.972960733308852
29.97345574734318
29.97373275768559
29.97433828207964
29.97450513028984
29.974402680051575
29.97495772572325
29.97579996765446
29.976047479964976
29.976544697087938
29.977312825791593
29.977662802127064
29.977923364473035
29.978058297343967
29.978383714372075
29.979070251477566
29.979175430575363
29.97955840220691
29.980203418519785
29.98032055281019
29.980564357464488
29.98074743835051
29.980973763475475
29.98152256972436
29.981791766423097
29.982475628789192
29.982886458209812
29.982894084850386
29.98316047113625
29.983179747412567
29.983955534295568
29.984261612938322
29.98442400227583
29.98440833942169
29.984944513211367
29.98535069418415
29.985614773641835
29.98618528792031
29.986615960819385
29.98655349650241
29.986993710477915
29.987285190191464
29.987425303626583
29.987645421629733
29.98816287314873
29.988459903317505
29.988687172790456
29.988933001379475
29.98917896682833
29.989659086275783
29.989716724048275
29.99017384479588
29.990498540706017
29.990412858091858
29.990908979566985
29.991614893383947
29.991709010735793
29.991692196346314
29.992260510965146
29.992547250083636
29.993025734924686
29.99327029607138
29.993727561491998
29.99400911713092
29.99426707123333
29.994794391808984
29.994601445896155
29.99520235160066
29.995975087198232
29.996099962141024
29.996375564467613
29.996690621724632
29.99707044977339
29.99710352906019
29.997472230044156
29.9976868384498
29.997429723698758
29.998051316823965
29.998563538473203
29.998671657182815
29.99876083584231
29.999357662980056
29.99919360270188
29.99940870534391
30.00003812015436
29.999810282379237
30.000175745492935
30.000423677015128
30.000849134479846
30.001024487004088
30.0012725675278
30.001987955201077
30.00261752082241
30.00205026900831
30.0022817396715
30.00308853159478
30.003550488691527
30.003437865602166
30.003657920134543
30.00397870087358
30.003969029663963
30.004379041266237
30.004661588910814
30.00515208840996
30.00555735593101
30.005994789186087
30.006147868043183
30.00649603120288
30.006815782613835
30.007202745858798
30.00765152481591
30.007821552990425
30.008098595880938
30.00863995223645
30.009179836387723
30.00943926643961
30.009718663161912
30.00981497451081
30.01031437773363
30.01102585987701
30.011526407850738
30.011734055826032
30.0123459896598
30.012627662505796
30.012921520891844
30.01320205831854
30.013436755275514
30.013961928480658
30.013498899039703
30.014092128757465
30.014730163092626
30.014920411820217
30.01504766776786
30.015875610554332
30.016225084980192
30.01615071227134
30.016787564889505
30.01718926311497
30.017854525885728
30.017890772967203
30.01827262820987
30.018672999021167
30.019190070835325
30.019365668079242
30.01958186432089
30.019879192755965
30.020157600671315
30.020551001796342
30.021039918353406
30.021739827841266
30.02210588662734
30.022218330814283
30.022337778584607
30.022752668907362
30.023495663990523
30.02384347053491
30.02417928730454
30.02453584012718
30.024895485525157
30.025339392379284
30.025649997703884
30.0260202797547
30.02589699662333
30.02626279972185
30.026672917786712
30.027386396274633
30.02770980601635
30.02792503963869
30.028007254265596
30.02840427302202
30.02885441945846
30.029204787087984
30.029546650111666
30.030015130188733
30.03039943804084
30.030658083591504
30.030801373372316
30.03126255018053
30.031874429379126
30.03196098239115
30.03227829770045
30.033036471725623
30.033584143525587
30.033894653907733
30.034169463569036
30.034680209366293
30.035126801137736
30.035388589166953
30.03557190742413
30.03564509143242
30.036587520006186
30.03681318686558
30.037049545728472
30.03750640765301
30.037894776354022
30.037925281877754
30.03835683519484
30.038829254378555
30.039220002573774
30.0395572508701
30.03966997182079
30.040043815016535
30.040569473898543
30.040875104920953
30.04123410705118
30.041553946408193
30.041894978507866
30.042417504224048
30.042831566254847
30.043024793226234
30.043453328509525
30.044121516824948
30.04461884264721
30.044909675812196
30.045469710270083
30.046020811776554
30.04613975330473
30.046874594448767
30.047476770274407
30.047435419932647
30.047787099136546
30.0482691523689
30.048659843348734
30.049064608349127
30.04950244574474
30.049708191990298
30.050231187310594
30.050835300233146
30.05113113659482
30.051481962238075
30.05214655669682
30.052469910318706
30.052536589686657
30.05296419032245
30.05311667424156
30.05330261095382
30.053567020892128
30.054231863561284
30.05470506198096
30.055150480636613
30.05566445500348
30.056113485323355
30.056390573504746
30.056867910944757
30.057221087984182
30.05720123944885
30.057646117837223
30.058079634540352
30.058910390748593
30.059060384306644
30.05917168668468
30.059788238099454
30.06020899436022
30.060375853654094
30.06088710856892
30.061006552259045
30.061552755111688
30.061963409777842
30.062399818240944
30.062651342723655
30.063437054513813
30.063662597695856
30.063968023349886
30.064308584541312
30.06481529933918
30.065139006411723
30.06519448184857
30.065667490162788
30.06635949735257
30.0667862505625
30.067012335529377
30.06718736897963
30.067829094198157
30.068287526681765
30.068548205386556
30.068916886970626
30.06929454669136
30.069470836216645
30.06980137405143
30.070215268160897
30.0706817238752
30.070986043850944
30.07141682711936
30.07201654602168
30.07220663448221
30.07244643508708
30.072805510057247
30.07327082441464
30.073806868445526
30.07402184112543
30.07439184028186
30.07464437636379
30.074961101748052
30.075387631790523
30.075601816932842
30.07605606772102
30.07647612701613
30.077225010584137
30.07700803258308
30.07733262948788
30.07757354604115
30.07783980758599
30.07786325633342
30.078008089681365
30.07841745102418
30.078997529084628
30.07985333972835
30.079891720450224
30.079962080127615
30.080732159291053
30.080792419994914
30.080931505407218
30.081740971449253
30.082347408191566
30.082236264923985
30.082632586568927
30.08311042358534
30.083319303061288
30.08361856812673
30.08401055392191
30.084116172703517
30.084804364231225
30.08508718047709
30.08542600715002
30.085751349497393
30.086351406438183
30.0867685770397
30.08699754801265
30.087868348127493
30.088043290239685
30.088597815144425
30.088634499699374
30.089224339575203
30.08956531331365
30.08967367915691
30.089958782921556
30.090104749226228
30.090565542862954
30.090940527780525
30.091106385352656
30.09114355922339
30.091502642184096
30.09215948504609
30.092465472332414
30.092752663407694
30.0925824936176
30.093083351297647
30.093463799055368
30.094091330772017
30.094520647941955
30.09479567641509
30.094795296696955
30.094958578433815
30.095335234686047
30.09547485984831
30.096098919055127
30.096127933496938
30.096484307088108
30.096740619548676
30.09698454583999
30.09732737657488
30.097593248341553
30.097681598576777
30.09782098574927
30.098454535646155
30.09902564471556
30.099287243950283
30.099345920879724
30.099770508125182
30.10025645944645
30.100407830783077
30.10080305982698
30.100634102488538
30.100873858130957
30.10103940806865
30.10138604339618
30.101474851886113
30.101892418696945
30.102453540806806
30.102629841651183
30.103010743435572
30.10311997586587
30.103342128756225
30.103635585380143
30.104240232782445
30.10439591262827
30.104595052849454
30.105114296444032
30.105542396568122
30.105906515480754
30.10615834593359
30.10639791989531
30.106651784449138
30.106726980049427
30.107417709901434
30.107618844803042
30.107962200750983
30.108289986225895
30.108878309096507
30.109124144746076
30.109307890101242
30.10983045577302
30.110017749627097
30.110210596415172
30.110767793306316
30.110529483204527
30.111399796875702
30.111663385187732
30.111579659872785
30.112161510353012
30.112323442535427
30.11234072048149
30.11263017247859
30.11281833702176
30.113303777407808
30.113384745160868
30.113843756792754
30.113940949391814
30.11454715034979
30.115033184275454
30.115020686958157
30.115324991155568
30.1159102880992
30.116197083561595
30.11655125370721
30.116945087757962
30.117030313660436
30.117373789255062
30.117354216054956
30.118030885627643
30.118129850959527
30.118460512403082
30.118916708652943
30.119372699195814
30.119808082519356
30.120251567121365
30.120142602469834
30.120547181809876
30.12119447023451
30.121388152275724
30.12184484876923
30.122234699263384
30.122522726061497
30.122830175342422
30.12306121692322
30.123596609809056
30.124016197924153
30.124581052271484
30.124969448806805
30.125166691093032
30.12566742181196
30.126064600039122
30.12638138808636
30.126700934803697
30.126898012833795
30.12763683460184
30.128180842974906
30.12837004547803
30.12922122856603
30.129329645924635
30.130027827040262
30.13066733460786
30.13060940699696
30.13108124988664
30.131791143122268
30.13175295265448
30.132218081086325
30.132746975852122
30.133032173139153
30.133462813223137
30.134264813889622
30.134268915125908
30.134397246491208
30.135178696792423
30.135462365355366
30.135567085386207
30.135957360017215
30.13658781226762
30.13650692899514
30.137069463519023
30.137716651715436
30.137776949486646
30.138302103784326
30.13884624834233
30.13875989229964
30.13896756145343
30.139480459699357
30.139581652487337
30.139970588037976
30.140577876181013
30.140901697412485
30.141118112520843
30.141846661336785
30.142026032738283
30.142481077376896
30.14290100570699
30.14369457594896
30.143796696498523
30.14405619460397
30.14471174668398
30.144536163091033
30.144816658416573
30.14564462634577
30.14571298024761
30.1460290248595
30.1464791347246
30.147042800170777
30.14683216785088
30.147300288492414
30.14765570633778
30.14789473505006
30.14834385393124
30.148775242594365
30.14859354039033
30.148926836285913
30.14948275321178
30.1496599181039
30.15004587174345
30.15007270864327
30.150404439922212
30.15062407254434
30.150923534600665
30.151504275952306
30.151598896743252
30.152291544198917
30.152510322568876
30.15282419390423
30.153435956122472
30.15379488765997
30.154189542395166
30.154344143415823
30.15502770442371
30.155108677363856
30.155368008466603
30.155565947782076
30.155647451674312
30.156356647534007
30.156711594789662
30.157187455980996
30.157320795640974
30.157371107310958
30.157657646215732
30.15824104297564
30.158598591890712
30.158690607279375
30.15896843830464
30.159412594483527
30.159306292305068
30.159514102079136
30.160110794057285
30.160537780111017
30.16043798977586
30.160730438010322
30.160865304704853
30.16097627547371
30.1616080563537
30.161622075601613
30.162201294077274
30.162577005200546
30.16286658049701
30.162971232838697
30.163307956269122
30.163300299732793
30.163614651912187
30.164059814101478
30.16399840720077
30.16388398032129
30.164596863167024
30.164714285200283
30.165231030018337
30.165676803014808
30.16594451009571
30.1663943574151
30.1665183636769
30.16694148313333
30.16712832330708
30.167338581396898
30.16747637704907
30.168035252639807
30.168319741427325
30.168465417461185
30.1687830256812
30.16920783977561
30.16914348105111
30.16947004490239
30.17001502002771
30.1701759799283
30.17069830121141
30.17117120629552
30.1714626671886
30.1714927035102
30.171935108211247
30.172437507881543
30.172710675504206
30.173152016353608
30.173380334621086
30.173552854835336
30.17389395024853
30.174293935229443
30.174451943750764
30.174587640607513
30.17502461736833
30.175137156077195
30.175334889393397
30.175691156783465
30.175899451733414
30.175875874569943
30.17646784149576
30.177033825347518
30.176594449010857
30.177343048020383
30.177297066320744
30.177972471308134
30.178387601892386
30.17807960265808
30.178494762339394
30.178705791546765
30.178968059790755
30.17924065008785
30.17944696860294
30.17970652811117
30.180184587574782
30.17989082163282
30.180296019182272
30.180892620635362
30.181350733818185
30.181535004313616
30.181749603478195
30.182076773187912
30.182634255608015
30.18275871330962
30.182907424766448
30.183498893648167
30.183654457601023
30.183727884183284
30.18395050470184
30.184546701160215
30.1846716600444
30.185023960080876
30.185615442985405
30.18544430865105
30.185643425014916
30.18613601281155
30.186056244925442
30.186062390313744
30.18684952851413
30.187203449276787
30.187421860061548
30.18741412138215
30.187084742997396
30.187312317044082
30.187953695037724
30.1881146172668
30.18861390190105
30.188801179627255
30.188956561134617
30.189140272765982
30.1893803779397
30.189874571740475
30.19023855191051
30.190461030484016
30.19100026953133
30.191202820941104
30.191684695326252
30.19204799164406
30.192377485381698
30.192677161742733
30.193016451845228
30.193346286798366
30.19341076617728
30.19420123925225
30.19415073106616
30.194734352812723
30.19508814257226
30.195213032711848
30.195694361608936
30.19585456741705
30.196153063650417
30.196674636104547
30.19727783554861
30.197314394840376
30.197432403366314
30.197890920317974
30.198174374409582
30.198423601185553
30.198793079880065
30.198740704996055
30.199172412699042
30.199270596115504
30.19949373177962
30.199882017858112
30.20009825207298
30.200246288208945
30.200389168724556
30.200963459293053
30.201519514495093
30.201809774352956
30.202117413262755
30.20213269118183
30.20247777227649
30.203086406010705
30.20364725910796
30.203693186801868
30.2044269624084
30.20469284928344
30.204884951997112
30.205554112750065
30.205618835861326
30.205932450559775
30.206208770024944
30.206522754516495
30.20683333043784
30.206904608170248
30.20710037543838
30.207316075458547
30.20742442146372
30.20790806365021
30.208258798999772
30.208486256656442
30.20865715137287
30.20879628217127
30.209013287975843
30.209427231334622
30.209268417962384
30.209582545523027
30.21021102138889
30.210545775474223
30.21048748574012
30.210922154171698
30.21131628046033
30.211567710635062
30.211869067337492
30.212108248832358
30.212051447114106
30.212215410278162
30.212704772505703
30.21324736239076
30.213638483233325
30.213835495628018
30.214445378214027
30.214949120530136
30.21523570398513
30.215581331767357
30.215830310896237
30.216253489111402
30.21645938110609
30.21687651621442
30.217304638013253
30.217615161632388
30.21786446046871
30.21827896598996
30.218663991430603
30.219256130613932
30.219581724029517
30.21966956776901
30.219891860761972
30.220284544163665
30.220771115929267
30.221168502501683
30.22132413290873
30.221694808865465
30.222358586309102
30.22251949991773
30.222860690472558
30.223619375050017
30.223792361173693
30.223963225652955
30.224336345900436
30.2249174427922
30.22513847046892
30.225369218293903
30.225816939476747
30.226377437623526
30.226602518299828
30.226722208317742
30.22731183000768
30.22778211660294
30.22740680518087
30.228176784336927
30.228263404491056
30.22842004469642
30.228789062290424
30.229081005534688
30.229246741950856
30.229570144595897
30.229633824589154
30.23042241758361
30.23074874866813
30.23077252803294
30.23127069849454
30.23177618418294
30.231921133283283
30.232226643730797
30.23246028871471
30.232625504706256
30.23318671950087
30.233448165749415
30.233718870075087
30.23408486158282
30.23425321869518
30.234553895072025
30.235072486252086
30.235649117648464
30.23561707384939
30.235964722057997
30.236742035493567
30.2366385167847
30.236622235954215
30.236896385792285
30.2373214256092
30.237479223027893
30.237889644461124
30.23804909909274
30.23828336306385
30.238990521104423
30.23917085673057
30.239656844585028
30.24020143052862
30.239872625900986
30.23976788912147
30.240428269523246
30.24073066717915
30.241327128858888
30.241405588964497
30.24184762785202
30.24203411306867
30.242421491885416
30.24285361411057
30.243227230284774
30.243794509923532
30.243969453254934
30.244392235299074
30.244556077896494
30.244606170152075
30.245033623675226
30.245408267489
30.245923349516964
30.245985963691396
30.2464859001949
30.247038871356263
30.247331368640005
30.247693588435315
30.24781006115529
30.248033875803326
30.24860767110765
30.248619145525314
30.248751994425007
30.24888339300125
30.2487194601248
30.2490190951079
30.249311413577637
30.249722353455684
30.249723993415124
30.25008946488304
30.250117650981213
30.249988544949534
30.250408828196367
30.250843741908028
30.250382694225216
30.25107775286561
30.251295042362706
30.251121219987226
30.251408751718092
30.25191563591884
30.252001270956967
30.252258126662937
30.2523707865793
30.252330090599497
30.252776616518304
30.252778996530832
30.25277024663125
30.25319808830684
30.253720399858047
30.254102390635524
30.254279789660885
30.25432648655738
30.254610082135628
30.25444908064142
30.254797865444985
30.254817207921676
30.254739001230917
30.255257389412385
30.255818074193233
30.255897335692403
30.256300567364175
30.256224158967797
30.256511392140744
30.256940827780777
30.256973500056855
30.257168870114853
30.257523911000316
30.258020566004028
30.25813650781452
30.258330734282776
30.258771739651557
30.25884768002244
30.259336921870542
30.2595915256844
30.25952731911429
30.26015534178166
30.26050287718316
30.260681788444952
30.261008905352828
30.26107132617579
30.261888555596414
30.2623531061702
30.262337806610333
30.26265960899798
30.26324205345128
30.26356793116208
30.263748294763474
30.264232080098765
30.264307561968632
30.264529241194364
30.26483802350929
30.26505370413596
30.26561621028224
30.265779575602842
30.265779787575568
30.266176925781817
30.26669623023535
30.266809123596264
30.267036601224838
30.26755778356201
30.268024038157563
30.26814226735775
30.268304775710607
30.268552783722118
30.268620477337926
30.268877124610285
30.269237439661527
30.269386444066463
30.269103619236276
30.269629885777597
30.269730192564104
30.270152577174247
30.270684754775736
30.27052698521892
30.270894316077353
30.271125701223344
30.2718118795193
30.272270630744146
30.272221182182648
30.27250298603772
30.27285036632541
30.273249791504206
30.27345275701222
30.27373422234895
30.274294113064432
30.274321193820953
30.274388365439865
30.274701365175147
30.275109500051308
30.27550043949153
30.275804634643396
30.276184397644904
30.27654782422205
30.277052645619666
30.27708897070781
30.277639708192194
30.278204494536254
30.278517675865597
30.27888126449762
30.27945665921557
30.279451071482608
30.279692299679084
30.279844647351126
30.280465956001834
30.280895044790928
30.280853939529354
30.28104852923386
30.28142230323299
30.2814816277038
30.282163715687567
30.282479365714398
30.28237214985459
30.2829525340307
30.283296179446204
30.283853184128926
30.28421949857572
30.2846368093695
30.284999743687642
30.285168029163575
30.285628659622294
30.28579148958249
30.28578484824674
30.286524750831468
30.28656174088717
30.28682605809533
30.287508996705952
30.287598142590895
30.287487037464608
30.28821843248028
30.288149872742846
30.288952081192285
30.28955319761223
30.289897981730086
30.290286916033764
30.29057205099063
30.29079543092073
30.291077809400683
30.291169230872814
30.29178648486142
30.29234929197868
30.292655037173184
30.292583836195377
30.293068792380957
30.293300668047557
30.29322367485735
30.293668563197862
30.29379460844119
30.294225119344947
30.29441468610012
30.29449835323333
30.294915048122164
30.29506596917304
30.295268885469714
30.29622608392103
30.296172758510952
30.296101122982616
30.296718226893407
30.296937261462947
30.296802010871723
30.29721522706797
30.29747201697337
30.297440358671427
30.297632872383208
30.297951040526815
30.298386689489938
30.298857623205077
30.298778939327367
30.298937384754446
30.299251270447513
30.29974053458642
30.299827929796614
30.300024139124694
30.30034324788157
30.300491490574352
30.300645962688243
30.301028110071027
30.301294398586816
30.30139422371347
30.301800699875162
30.301936139547635
30.30193870551745
30.302399004403412
30.302733356382245
30.302852882584766
30.303068580943467
30.30336928549954
30.303452049154505
30.303544368078285
30.30392896418777
30.30417425047096
30.30446488517539
30.305034232144425
30.30518811747395
30.305570061206577
30.30603631843703
30.306275170998113
30.306469904863466
30.30677646021017
30.307215233859907
30.30733085879753
30.3078257917829
30.308126726214777
30.308006896271355
30.308198843753864
30.30855273170115
30.308837654287075
30.309070056589178
30.309226554330134
30.309741759511972
30.309772807002915
30.309948725884936
30.310084378363385
30.31070604949379
30.31063785933851
30.310915047121355
30.311157864459346
30.311661145844585
30.31204233035583
30.312085448652525
30.312260188288064
30.31258489487801
30.31332907378801
30.31333028824248
30.313519866444732
30.313986260332033
30.314217200113163
30.314480843789156
30.314949411688403
30.31517864705229
30.31550009674004
30.31613964767566
30.31617114126071
30.316635672795865
30.31696040863104
30.317771168657117
30.318264174886846
30.318509084920237
30.318701922111977
30.319252496876175
30.31956640776808
30.31968397973091
30.319683563455833
30.320365906101845
30.320636508578346
30.320681587104474
30.3210261702407
30.321335488959686
30.321680507455003
30.322394937536245
30.322642329195943
30.322973320511956
30.323400523476415
30.32383229598093
30.324057214603293
30.324084350519172
30.32471910461456
30.324926409569105
30.32521193014641
30.325984943789443
30.326223329256187
30.326581224008365
30.326773142408598
30.326965211147616
30.327372694696706
30.32803678650932
30.328268650864484
30.32871796053601
30.32924975989857
30.32970348308957
30.329931890298578
30.33050679509114
30.330719256926116
30.33113699127241
30.33166662494089
30.332089104499254
30.332532005002793
30.332728403326325
30.33317542829518
30.333337643359393
30.33392911550447
30.334249896032397
30.33429894470135
30.334664807054676
30.334993950601053
30.335518489336057
30.33585049325993
30.335821283173324
30.336451954013064
30.33671777283924
30.3371330657274
30.3376907901215
30.33820869944848
30.338576297893507
30.33894619601218
30.339420628684707
30.339634710918716
30.34000067927039
30.34045204628097
30.341060778180783
30.34126883657904
30.341575336384608
30.341796994017173
30.342218537553567
30.342535687821997
30.3424565174894
30.342880525789294
30.34349477278457
30.34387790699089
30.343946210467003
30.34432440596892
30.34440625526099
30.344662310023214
30.345103569069348
30.345605620103953
30.34584153997205
30.34610461533413
30.346241397193857
30.3467693537823
30.347249805627385
30.347287487658203
30.34756704484686
30.348154534402873
30.34800213846914
30.348224821261454
30.348713754803885
30.349228198725605
30.349075241441604
30.34959898325562
30.34973453089524
30.349909551932058
30.350114761314273
30.350318624315655
30.35031358807646
30.350634764037373
30.350965835754252
30.35096381710972
30.3515588455273
30.351573729861478
30.351753959044455
30.35231498856748
30.35276822279502
30.352784462518727
30.353265124277495
30.353800517341433
30.353679496806155
30.3541751362646
30.354402046376915
30.354695330037018
30.355102461742128
30.355334519633853
30.355437118885924
30.355577007209593
30.355950705164197
30.355987432070258
30.355876041718002
30.356204887176087
30.356514405309962
30.356947914807684
30.356960620410796
30.357398181350327
30.35788348790924
30.358432692618848
30.3589953375685
30.358728966264017
30.359262179764205
30.359770338128584
30.360212747957792
30.360581820122384
30.360721580330726
30.36095182934732
30.361341839527036
30.3618123860775
30.36167404044789
30.362025165828356
30.362119265049227
30.362554380541283
30.362798521913387
30.36286502968676
30.363134872939384
30.36354622849946
30.363863156483454
30.363804670605244
30.36423887984753
30.364406205772617
30.364546715911146
30.364934990682514
30.36534477294436
30.365713412112747
30.366229516367017
30.366320774240556
30.366627208496276
30.367055851371227
30.367511835952353
30.36778065447858
30.3680480280648
30.36837583568774
30.369143380111765
30.36931424147251
30.36936058492997
30.36938669063764
30.369884074857417
30.370406892685573
30.37052808225571
30.370825484239006
30.37141506325657
30.37150200193308
30.371818845451287
30.37211595976464
30.372191121709232
30.372896701979386
30.372788486084726
30.373284116558512
30.37379778184952
30.37397858493219
30.37410104899694
30.374150239424445
30.37431838531041
30.37442594152461
30.3746964913207
30.37479995200659
30.374964529814097
30.37518244277914
30.37540897018724
30.375594273725856
30.375599137835195
30.376155982922675
30.3761378160142
30.376410158107156
30.376568600782527
30.37649112863035
30.37679955827629
30.376870320211097
30.376973989417138
30.3773211641864
30.377333551339238
30.37742268018893
30.377463114698333
30.37725791858253
30.377593578822363
30.377827610277865
30.377842651431095
30.377952830963196
30.377947427446166
30.37809176120455
30.378078446574776
30.3784159267089
30.37836016493869
30.378432952878182
30.378791433873396
30.378969409869025
30.379008310213965
30.378984078884976
30.37918704187955
30.379219600858733
30.3793590447976
30.37941356475896
30.379797492420032
30.380049326661613
30.380171382257885
30.380296845862542
30.38030971456868
30.38065412404088
30.380891104844352
30.380937402020045
30.381215403253247
30.38130653524977
30.381727565772714
30.382160806450393
30.382807893338153
30.38308456007849
30.383177348651508
30.38341682108929
30.38338773782371
30.383619846005647
30.384050887179185
30.384402200142556
30.384396317278423
30.38437388840862
30.384704913011777
30.385240988418275
30.385212132130665
30.385371158697488
30.385600170002146
30.385808104070723
30.38617799891476
30.386465215613676
30.38670447803907
30.38719903407393
30.387081722663424
30.38737310077893
30.387598630646487
30.38761992442639
30.38802979115248
30.388239587343993
30.38842666781806
30.38864116771788
30.388834574847017
30.388992915129993
30.38932403886898
30.38993399251487
30.39006348911485
30.390623431084116
30.39097030890394
30.390975922854896
30.391199824856315
30.39158780802201
30.39194979992709
30.392295956297183
30.392577333877625
30.392426581937897
30.392693440477018
30.393140613614133
30.393355310101576
30.393677533623347
30.393945567474525
30.393971481580934
30.394392941803382
30.39487738601183
30.39516015530132
30.39519904272526
30.395476534350195
30.39590124320639
30.396138465829505
30.396378192151566
30.39662178194936
30.396997908678387
30.397261871103034
30.39755066931346
30.39798383895031
30.398317363878597
30.3984173287888
30.398804024280643
30.39912111612837
30.39933269236346
30.399512539888054
30.39988242625997
30.39978863651488
30.4000050224992
30.400468332495656
30.400484105445695
30.400580311994567
30.400801572550446
30.40125290271005
30.401690200622458
30.401796560565554
30.401899694677187
30.402101254092983
30.402193665566376
30.40241566997117
30.40283702426535
30.402801311523994
30.403204574678533
30.403339711053583
30.40393667325736
30.404163501032706
30.404273777489053
30.40468770711916
30.40461723724121
30.40484254169504
30.405097281128054
30.40556563257546
30.40555076418274
30.40571657618909
30.405894590279992
30.406067694865033
30.406246707844478
30.40621447072205
30.406551233395827
30.40703058353705
30.4072717279765
30.407229165817363
30.407373875166954
30.407899093898124
30.40818142474398
30.408376654290812
30.408903232261096
30.409295960357333
30.409489001961614
30.409621265500263
30.41008266294228
30.410368469459126
30.410787065087824
30.411266405149767
30.41120737079115
30.41162803571186
30.41192184091053
30.412359054707892
30.413044945033867
30.413321751910438
30.413624964890996
30.414175589101745
30.414116067355287
30.414653284863164
30.414943432621197
30.41542241494684
30.415668100977125
30.415728063173976
30.4163590898975
30.416371568094902
30.41682325185687
30.41699435254728
30.417369341263157
30.417589253088224
30.417775936824984
30.41836008719882
30.418591586216067
30.419044592111362
30.419231034995903
30.419728592893314
30.420018567888434
30.420191461469788
30.42060783210544
30.42084789190752
30.420909744584566
30.421462135987273
30.421644330091766
30.421793346497314
30.422134554997086
30.422483575329096
30.422872955441434
30.4231023964973
30.423706396122746
30.423399355617114
30.42350159750559
30.423559637174677
30.42387335276159
30.423926713986546
30.424265358331233
30.42483410636947
30.42502158928809
30.425193349745943
30.42553470484195
30.42569035664835
30.426004805556737
30.42600577708061
30.426197044290404
30.426548169581466
30.42691946288557
30.427061275958266
30.427337538302087
30.427785398697566
30.427707321430816
30.428345982028176
30.42873604199146
30.428895739205103
30.429401910416765
30.42962632179472
30.42945238216436
30.429883962704913
30.42975836561345
30.430059235655825
30.430492517550263
30.43058927367309
30.43070520333083
30.43079916917467
30.431078379083587
30.431322174953642
30.43135701042004
30.431742027538622
30.431769455532212
30.431858328457558
30.432430141242754
30.432024942258792
30.43234860638314
30.43267180350002
30.433048342855745
30.433248525006285
30.43348309792296
30.433819672550232
30.43437870867928
30.434844458205284
30.434778949741958
30.434640296709524
30.435160738659114
30.435830510955938
30.43598799260836
30.435993876024945
30.436149496575098
30.436356059191244
30.43665547923431
30.436468170538124
30.43671322408884
30.437126443272252
30.43712464827316
30.43711640683621
30.43752830671017
30.437522439835817
30.4380382764407
30.43838947654355
30.438339212180118
30.438974964294406
30.43927048245891
30.43952877158261
30.439922955839116
30.440377751384027
30.440721659342312
30.441133707389554
30.440863506596166
30.440800212875835
30.44116413244525
30.441518083583098
30.441220469013434
30.441511917415482
30.44188661109747
30.441931143724577
30.442141478390894
30.44216913867677
30.442413431644134
30.442846313434217
30.442710048167267
30.44299597992135
30.44291075857572
30.443123023644944
30.443203008902543
30.443278945568586
30.443747073321163
30.443941174294235
30.44414232887146
30.44467882253549
30.444554595832905
30.4450843444123
30.44501979357088
30.445391820367952
30.445549502899564
30.44538206430143
30.4455641383729
30.445811149235155
30.4459394724605
30.44592189567753
30.446307835807033
30.446683172653874
30.446753642719038
30.447309564385062
30.44738825773186
30.447769297913606
30.44777474487408
30.448059764523645
30.448040697546503
30.448245632143404
30.44879564343099
30.448707341587745
30.449130829927785
30.44922144978394
30.4492644971468
30.449824137425185
30.450045698942443
30.450271044309517
30.450358456292122
30.450473975669198
30.450808944275632
30.45090259042858
30.451423637682645
30.451452199439053
30.451457468096095
30.451822720167108
30.45196982978552
30.4520138689964
30.452589910324992
30.45253154052919
30.452757172761416
30.453330428292702
30.45340249680351
30.453377991969685
30.453807606582956
30.454167792244164
30.4541850252328
30.454728557919818
30.455065475376095
30.454986436281498
30.455100587770197
30.455291836880978
30.455401708916305
30.45553213863732
30.455861775355338
30.456135464696455
30.456676380381175
30.45700114422891
30.45684663463372
30.457199271286942
30.457745042611748
30.45781476374944
30.458236690284977
30.45838567789671
30.458954158901612
30.458992909419536
30.459082791681695
30.459569959450768
30.4596974825353
30.460255749623705
30.460338699460895
30.460611167922128
30.460983403953787
30.4614285546009
30.461492943616825
30.46181262604876
30.46201037864682
30.462291070382797
30.462649075992836
30.462602223709176
30.462781210505575
30.463255475589413
30.463570031460492
30.463837040962083
30.463869917201265
30.4642558196287
30.464633815140736
30.464844310571635
30.465339585345244
30.46544960483471
30.465722888532216
30.466233249899723
30.466753888931486
30.46680396282728
30.46707365961435
30.46726417537178
30.467519611316366
30.46761791987926
30.46832656262039
30.468793856230945
30.468911765330176
30.46928998331016
30.469890581835863
30.469984387875606
30.47000640156197
30.47071360973206
30.471250430452336
30.47171874257538
30.471831799614346
30.472269550421196
30.472652599585075
30.472948300166166
30.473239081413993
30.473529105833595
30.473697692514644
30.474035324206316
30.474384945387875
30.47442402608028
30.474669718048993
30.475107588302958
30.47578679281876
30.476064246494005
30.475924843076015
30.476719884448073
30.476934970857176
30.477071092669163
30.477226653050455
30.47722093054695
30.477639919559785
30.477635188113116
30.478066702608672
30.478408401513835
30.47854816897509
30.478456712808722
30.4784233348183
30.47885382061322
30.47868366597543
30.47877805383488
30.479259410508185
30.4794197288983
30.479434459904205
30.479472379975256
30.47968321760265
30.48019498172937
30.480286911266454
30.479983464625167
30.48043372028102
30.48031879166433
30.48070026083981
30.480898106944984
30.4810883987826
30.481544194299644
30.481756673492622
30.4819418857318
30.48198797036259
30.48217474832011
30.48223657147672
30.48244048717779
30.48237384217742
30.482531208844556
30.482625749848506
30.48266550550913
30.48259444548539
30.482665243010047
30.482786725135504
30.482934446736397
30.48345962395633
30.48357766936241
30.483528842551326
30.48383213466193
30.4840188877347
30.48423061044428
30.484376811240477
30.484288402997674
30.484458140966044
30.48439303578174
30.484771884427055
30.485102171998154
30.48529881157563
30.485655729305968
30.485681699252968
30.48600365951184
30.486483675601402
30.486510412539836
30.486694647688374
30.487405247345478
30.487227420238774
30.48767979198861
30.487991896542084
30.48788203253181
30.488491519317318
30.488398238560382
30.488872696166368
30.48912863753438
30.48912965680797
30.48923522966373
30.489314884472055
30.48959959998315
30.4899536422878
30.4899862750043
30.490314916498956
30.4902011046443
30.490048671319112
30.49055158298525
30.49087871923595
30.49098042032517
30.49104059438644
30.491399379827527
30.491514598964166
30.491789796507398
30.49195313364605
30.49202243155875
30.492531117045637
30.49262282287158
30.492723195167617
30.49310663308292
30.493335764455512
30.49357349753095
30.493592597115917
30.493673803587377
30.494206112147225
30.49451356490662
30.494259578670146
30.494415089925837
30.494510917349714
30.49474646783487
30.494950921629098
30.495300328637995
30.49531614837498
30.495876631408624
30.496020203360082
30.496078866466792
30.49644863943016
30.49698325242828
30.497009145005308
30.49702339546885
30.497261708778893
30.497658926350987
30.497989585271995
30.49818111207638
30.49831170974248
30.498467609672154
30.49884725187995
30.499130220496895
30.49943359836284
30.49975264404631
30.499707018134057
30.4998080867064
30.500010042639943
30.500234634253363
30.500442143178645
30.500731317180616
30.50087580317347
30.50101395273022
30.500969550071197
30.500905523673566
30.501204565504633
30.50150248761873
30.501873238098767
30.502023272197402
30.502253410453296
30.502563876444245
30.50278672948279
30.502866307752583
30.50298506631579
30.50317789041399
30.503393638181848
30.50332205447891
30.503545946052682
30.50387841303726
30.503995728799435
30.50442473681141
30.50469961124797
30.504890650765294
30.50518619494738
30.505459082052887
30.505651840679544
30.505994279158944
30.506076752181652
30.506218132902987
30.50652884411236
30.507003759195726
30.507107096053872
30.507135259960325
30.50782932098457
30.507796467286642
30.50815468172878
30.50845259155123
30.508705413134308
30.508950838060926
30.50908701662863
30.50984460789113
30.509849134844437
30.510166682626092
30.510435771642705
30.510818664485647
30.511068866114286
30.511343315833134
30.511862287756166
30.51192809324439
30.512554606859613
30.51222436152665
30.512577094066927
30.51305203520557
30.513236411416784
30.513758226684846
30.513752060222252
30.51379734590968
30.514471746670804
30.514639271906987
30.514760223817547
30.51493453757263
30.514988620599862
30.515547838234877
30.51585710845798
30.515895407422168
30.516238951334014
30.51679356840902
30.516945765856835
30.517346781309133
30.517749218399175
30.517768041567916
30.51811655759909
30.518583330854327
30.518913702248994
30.518809584584826
30.5192321328761
30.51941345643009
30.519360838289785
30.519588502841913
30.519825157426304
30.519627227188014
30.52008549319297
30.52027876657379
30.520541563314573
30.5207400269324
30.52092037840741
30.521381625277478
30.521689232391292
30.521779824154834
30.521995329630872
30.52236350511105
30.522301562181987
30.522880257188085
30.523158947640642
30.52341146509007
30.523595862371636
30.524150839112963
30.52449254068751
30.524780847429067
30.525201283656585
30.524950350961074
30.525558211908987
30.52569699824869
30.525752969291684
30.525715574078408
30.52594773002609
30.526291014568155
30.5264449597122
30.52679290959481
30.52700904968537
30.527378872185512
30.527643324244842
30.527614704379012
30.528214153897405
30.528309164146403
30.52856039457732
30.52889883864865
30.528906540945346
30.528860927085944
30.528983298479233
30.529300857928604
30.529430728232164
30.529783717538418
30.529729783809557
30.529608252689346
30.530096356326165
30.530226541513837
30.530570667361566
30.53040761759718
30.530284594011587
30.530756146770948
30.530772424057915
30.530957421683187
30.53082696185958
30.53129493613214
30.53139076396978
30.53146252036251
30.531763615273274
30.531568194297375
30.53185191934055
30.532115958190765
30.53227284989684
30.532504579981783
30.532866436765275
30.53292543147165
30.532981216136417
30.53305233794881
30.533321646691117
30.5338715512479
30.533687660801373
30.533990690621835
30.534535366408527
30.534426296349814
30.534618613042326
30.534919149704145
30.535466493486343
30.53561087477503
30.535879345896667
30.535959195328136
30.536208260693623
30.53642931683893
30.53672496635279
30.536887855590695
30.537146231327874
30.537697674313936
30.537590125389443
30.53769895970433
30.538166943258943
30.53825919863707
30.538546070139745
30.53854844082966
30.538928354367524
30.53931339749475
30.539380289506724
30.539694336522057
30.54001841140102
30.539896912650455
30.540341432108832
30.54059455960084
30.540776029362377
30.541061129265337
30.54158007875384
30.541773539019545
30.542229824297348
30.541907480933602
30.542390662174206
30.5425250265594
30.54288947311546
30.54335049539022
30.543280371421492
30.543633121122774
30.543586727069545
30.543718140144055
30.544072720622573
30.544194908748345
30.54437428683388
30.54476177038868
30.544990679271518
30.54511178121182
30.545386148181144
30.545867053089466
30.545791551867744
30.54598345537093
30.545991981656343
30.546557223420017
30.54713792150034
30.547253182325047
30.547579330510054
30.54778708176447
30.54802452218304
30.548397284957694
30.548914718799914
30.549176592873515
30.54967101119034
30.549955353127043
30.550036702475985
30.55039524553889
30.550387847422492
30.550529188340413
30.550821673884712
30.550969130621905
30.551235891619886
30.550992644231293
30.55113836941995
30.55105702329067
30.551367847893314
30.551274105995923
30.55129060776697
30.552006756379733
30.552020455943705
30.55183912371237
30.552059699234448
30.552166491372414
30.552369182396237
30.552647021753113
30.552816247093485
30.552954883769633
30.55325477840107
30.553448072251438
30.553447529028976
30.553680345360775
30.553787020341524
30.5539751176368
30.55444332103079
30.55446957214722
30.554826182016754
30.555004753337606
30.555260561593336
30.555653225948593
30.555790318269892
30.55600556739531
30.55607419172044
30.556476491792893
30.556639581102516
30.55676452940329
30.557179567417304
30.557467773391057
30.557946566239597
30.557966538276386
30.55812059107527
30.558704905531876
30.55899801273003
30.559065561698837
30.559598252851053
30.56009753761957
30.56035009081667
30.560478793093274
30.560695723392833
30.560861220697152
30.561298364339034
30.561369644119903
30.561739840259268
30.562074730088717
30.562387532758486
30.56272036955483
30.562956734975995
30.56307638452656
30.563119937913314
30.56342288516405
30.56349304884527
30.56384090230314
30.56393674523168
30.564202037209757
30.564744610431205
30.564661011547912
30.56459989738778
30.565046445621334
30.56524060295419
30.565522882611212
30.565830037054624
30.56618742285263
30.566030098884845
30.566327601643188
30.566755098018316
30.567002192940073
30.56701873352865
30.567487808165193
30.56750562573381
30.567594013446282
30.567914768783528
30.567623394750868
30.568134663626108
30.568600504767257
30.568910133479307
30.56936640552573
30.569444087420766
30.569312099141428
30.569764513094086
30.570081261075053
30.569904360233746
30.570192022684317
30.570346215228543
30.57028017493163
30.570871337856367
30.570818686236546
30.570935113426906
30.571408702748315
30.571498472812735
30.5716305099972
30.571550947746616
30.57195908657954
30.5718679042403
30.5723470271026
30.572515942340917
30.572625951831807
30.572820361526993
30.573055580837064
30.57336278103465
30.57347845741941
30.573792542304986
30.573924319566153
30.57449601688445
30.574641967447405
30.57454623076209
30.5745465428367
30.5750921118213
30.575404921413103
30.575352976030338
30.575865527451455
30.575997551208857
30.576158304340314
30.576256076526352
30.576635599869352
30.576492182821088
30.5767595690177
30.577021016877627
30.577368277536312
30.577433557377127
30.577772164441903
30.577934007241012
30.578127325713048
30.578201123043783
30.578243429834025
30.578537008244233
30.579101751057955
30.579336574827693
30.57993019989417
30.58029018671816
30.580670350213186
30.58080418681746
30.58124648891884
30.581184439340767
30.581157906433102
30.58165265867041
30.581856505597806
30.58209379361375
30.582417353539025
30.58274393804443
30.582756659785577
30.582649488975346
30.583149383190644
30.583299600332857
30.583407645629855
30.583792089461834
30.584047481091975
30.58452457301052
30.58462132272238
30.585193765493585
30.58591362407286
30.585967418983966
30.586300925523254
30.58687998456161
30.5866016005838
30.586907296361517
30.587300977509187
30.587363933556727
30.58743877095186
30.58768473292469
30.58774993896521
30.587649326146057
30.588116218435083
30.58817241612099
30.58836719920197
30.588826287508837
30.589172605956986
30.589323969627962
30.589470136746467
30.589925296296006
30.590049263477535
30.590536899618805
30.590849138587632
30.59098185204605
30.591485162629077
30.591554748211106
30.59156899594494
30.59216894922152
30.592194384783696
30.592462309095467
30.592657989328195
30.592912217020768
30.59288470094365
30.593073078782645
30.59320542034099
30.593300839596417
30.593790286791126
30.594002877371587
30.594085676562127
30.59460697010339
30.595034056195615
30.595225175236607
30.59532274312329
30.5955531111241
30.596017863796135
30.596458734310843
30.596298028738993
30.596957844683065
30.59717857264545
30.597443585647156
30.597851583740564
30.597928063266885
30.598308480280735
30.598623388070028
30.598960139497944
30.599526438015545
30.599575674719226
30.599591113631483
30.600171781849347
30.60065090134055
30.600863555703512
30.600700473973674
30.601044762085827
30.601610673070194
30.601541572652458
30.601827942776616
30.601638581475772
30.601950256139716
30.601984095672936
30.601932320895152
30.602217467383333
30.602497665486077
30.60242550615582
30.60238985055048
30.60264489748091
30.602684932641516
30.602907280850964
30.603021864946648
30.603428589759876
30.60349320005807
30.60349702798975
30.60375607437335
30.60402332581242
30.604206469055203
30.60432605086243
30.60451865902244
30.60473301240773
30.604853524670347
30.605139106713068
30.605137602812196
30.60522545083961
30.60534659166857
30.605365079867845
30.60594883120824
30.606252545409202
30.606243241676868
30.606610948501864
30.606935055201482
30.60738245417234
30.607594685999405
30.607686727793215
30.6079442147953
30.608568208060273
30.60878866239101
30.6089846923254
30.60930347662092
30.609409186263324
30.609382442664433
30.609421460629342
30.609648109442436
30.609958382568088
30.61042181792391
30.610747517434817
30.611154336584327
30.611298011279132
30.611767480530162
30.611884235660774
30.611996443641875
30.61250729939748
30.612652806024315
30.61316318446047
30.613553957297796
30.613628511890685
30.61384924920808
30.614003889808373
30.614402934622813
30.614457597140635
30.61473611717704
30.614933825332642
30.61499451469323
30.61521212679328
30.61546729626853
30.61554640203505
30.61571430199951
30.615489911995063
30.6159872066381
30.615880750682237
30.616502484175673
30.61656782960175
30.616235783874014
30.616722985505362
30.61723758858038
30.61743172633451
30.6173967431801
30.617648390068155
30.6180463258165
30.617944439866292
30.618092707739653
30.618204061545505
30.618546627692005
30.618837165379276
30.61911241866639
30.619004740032317
30.619280839999966
30.61960080503311
30.619798454771555
30.619893640045703
30.619925889678434
30.62024564319987
30.62040584019147
30.62054824233713
30.621225746337977
30.62114333344104
30.62118331420123
30.621564316225466
30.62180847350229
30.621710830138404
30.621715518526923
30.62218792737624
30.622180490900156
30.622418340989768
30.62218041143064
30.622587484335938
30.62279021127501
30.6230748631507
30.623239834320707
30.623177800822127
30.623159694415506
30.623405222675906
30.623216644259138
30.623305225283012
30.623809843807862
30.623685384574138
30.623955937875333
30.623909762636174
30.623897372771246
30.624465077115076
30.624021484005
30.624114683813133
30.62443903888958
30.624629437055635
30.62466306402748
30.62518795769829
30.62557026066201
30.62550847725717
30.625805448255214
30.62590321984606
30.625834492682962
30.62586810410594
30.625940943346507
30.626060570258694
30.626192925921462
30.62635861231298
30.62622190300907
30.62651655729763
30.62665994672688
30.626861976741623
30.627176814995476
30.626986588636704
30.62722765508555
30.62749615467815
30.627782619598353
30.62773875789012
30.627692233805362
30.628057196916266
30.628321091362555
30.628407705656002
30.628668615571705
30.628590781705082
30.629187200814428
30.629459272281213
30.629425129620795
30.629619228834507
30.63009743208626
30.6304444716999
30.630534323890224
30.630503151817617
30.630843697152397
30.631510747864482
30.631356874838318
30.631613037133523
30.63193530773734
30.631859270385217
30.632341230372575
30.632483744624786
30.632885648289868
30.63301309297064
30.63304183473364
30.633302089498827
30.633332646628343
30.63346509050531
30.63332093572332
30.63330718816564
30.633782403388267
30.633712923814475
30.633989788846353
30.634090082942702
30.634212135229077
30.63460942557421
30.63454830954703
30.6348282162612
30.634884196548793
30.63492361533263
30.635364942190257
30.635565923581773
30.635952007797947
30.6361853565694
30.63615019548905
30.636496718353143
30.636895330502977
30.63684870047952
30.637264285580898
30.63740277286591
30.637694277402872
30.63791177755062
30.63782480092121
30.638243058290126
30.63859291228176
30.63874186633346
30.63881237470828
30.63909311498052
30.63935501217541
30.639542235477425
30.640011832678734
30.640135336124587
30.64037771001086
30.640569814553054
30.640475116725607
30.641191641330103
30.641443520485087
30.641496865230728
30.64177525698234
30.642013648175578
30.642205530441732
30.642434264803885
30.642640508276394
30.64299336806313
30.643505706424886
30.643851902938618
30.64428498080716
30.644610121683474
30.645132801378324
30.64555403366047
30.645636610062326
30.645725770588687
30.64611873079789
30.64660437652725
30.646734817595423
30.647440510810696
30.64770568971715
30.647729929236146
30.647994609164652
30.648068855112275
30.648266760947763
30.64842762170069
30.648688575097562
30.64878130341691
30.64899667440418
30.64946596749354
30.649838996881424
30.64998564681796
30.6502178140233
30.650540623568105
30.65079120268522
30.651063891031786
30.6514440691529
30.651943009817266
30.652154691478593
30.65211875852491
30.65246115584937
30.65263374394383
30.652823631816496
30.653389020259393
30.653730241197646
30.654180903577366
30.654256231629088
30.654299575554372
30.65466612427794
30.654884571945402
30.655165207918106
30.65516950915166
30.65558084144896
30.655806956357097
30.656036877887235
30.656416252486682
30.65644217953909
30.657068309555086
30.656999368295374
30.657178900220067
30.65757659440561
30.65800969489957
30.658277671113442
30.65840647340256
30.658690047794348
30.658754786684653
30.658726031766584
30.659000956081965
30.659483155493305
30.659546436699507
30.659666476237494
30.65994393301684
30.65993753739037
30.659989558010814
30.659867688105496
30.66024640170568
30.660253136468405
30.660797304961154
30.660669954690253
30.660560856126658
30.660729009395702
30.660873427170753
30.661166119074217
30.66122144909592
30.661443388842756
30.661775820964788
30.66174161933448
30.661890309322338
30.661820378998886
30.661927136702808
30.662226001004967
30.662395063793806
30.662639604849215
30.662842004093015
30.66268776870728
30.662706564610108
30.66278947514069
30.663100858236675
30.663237688279025
30.66338200759711
30.66339877010804
30.663488770748355
30.66355723657817
30.6639188449157
30.664227928732444
30.664285588350353
30.66447373938754
30.664480154413376
30.664918636667004
30.664804469237925
30.665606852582226
30.665716096723198
30.66592223859579
30.66610325977553
30.666267567307663
30.66636081240198
30.666655429058114
30.667037566386938
30.667148172542625
30.667245366911622
30.667657736950492
30.668019344499506
30.668127137421134
30.668562697506893
30.668695800895286
30.669035029271413
30.669117176344926
30.669464358663923
30.670304354685506
30.670309410990452
30.67044084631224
30.670904674401985
30.67081927767038
30.671058651440383
30.671172176460274
30.671336999004307
30.67141441197308
30.671770417154388
30.672053798645187
30.672384912251044
30.67243721801212
30.672787576779523
30.67277706756901
30.673215093101067
30.673263374233535
30.673604154392457
30.674004453210422
30.67413800699522
30.674103384949394
30.67454440996675
30.674920158126994
30.674956888360157
30.675166781276957
30.67562112449953
30.675788597994735
30.6755813305686
30.67610215199391
30.676042806128642
30.676327233813954
30.676673559358868
30.676900883669077
30.677213365142237
30.6771646912713
30.67763294141876
30.677790520468303
30.677963194566367
30.678217970965413
30.678465137986816
30.6787049616957
30.678991219443272
30.67913518520479
30.67942641983954
30.679940843053274
30.679845939241762
30.68060797116118
30.6809461211948
30.681184644930806
30.681304716932374
30.681511831253513
30.68166561233269
30.681800178730786
30.682084409928542
30.682159955332654
30.682351421074465
30.68222126573727
30.682918803445137
30.683031327395746
30.6829530776539
30.68313278543197
30.683352674979112
30.683776123733285
30.683637057983706
30.68386899009294
30.68435837810575
30.68437546747887
30.684576489500532
30.684747290063807
30.685056230709268
30.68534831704893
30.685573966648008
30.685537267359486
30.685620836120165
30.68616237223198
30.686236074460677
30.686228094209845
30.686138654466475
30.686342165164305
30.68690144833768
30.686972079995822
30.687347372981044
30.687541453019286
30.687987967302746
30.688249974166766
30.688352364708074
30.688938575102828
30.689198664607225
30.689349052943548
30.68977910891659
30.689817739820334
30.690378169293616
30.69068818363922
30.690849972009893
30.69086359819409
30.69081832489313
30.69121906373098
30.691410959805758
30.691531770637045
30.691591586941776
30.692118319811655
30.6925343716609
30.69251770623497
30.69273617731147
30.692877722207097
30.69329302685366
30.693626634094613
30.69384891124202
30.69394749748735
30.69442187481672
30.694577525455568
30.6947676732789
30.695024097644147
30.695274223200613
30.69516340429724
30.695662086244447
30.695897948040823
30.695824328964676
30.6963081847746
30.696421230753778
30.696741001151008
30.696989638721362
30.697131307495106
30.69748263638794
30.697789542493492
30.698149031303608
30.69827261168088
30.698296789296826
30.69860938661909
30.69861655215947
30.698735627112125
30.699323852848316
30.699470020699895
30.699746959389692
30.700220794321762
30.70040424688884
30.700380720777677
30.700658419147963
30.70105286762893
30.701206134010306
30.70161740584716
30.701663990105146
30.70215732958088
30.702264994977924
30.70258099371971
30.702800478282455
30.702970944901985
30.703255447600068
30.703404738781693
30.703809727488146
30.703961093013113
30.703992274068725
30.704140181888924
30.704344258506037
30.704427792261598
30.704749744730098
30.704814130977432
30.705302974150975
30.705324656370493
30.70557353658549
30.70595119015391
30.706532995037353
30.706480186639105
30.706520322061763
30.70670032740391
30.707019509761984
30.707512796137966
30.707523356465437
30.707793249434836
30.70797081094141
30.708553330179388
30.708690605911496
30.70856182577524
30.70901226829035
30.709148460310296
30.709084025761072
30.70949365207145
30.709523323985852
30.709568171291643
30.70978917247337
30.710027582867028
30.71037172117702
30.71036998358607
30.710580286896185
30.711009861815178
30.711198990989036
30.71123920087269
30.711403497254054
30.7117546985529
30.71164859267279
30.711906211455737
30.71230319796934
30.71249557565784
30.71223660604732
30.712478030062993
30.712676022944088
30.712847258541768
30.71322667583068
30.713495095696445
30.71350454287575
30.713791083673403
30.713713583497167
30.714026189986757
30.71399379886172
30.714188962568286
30.714490402798486
30.714509287048152
30.714885809183734
30.714791752653507
30.714811960031277
30.715153458077538
30.71541898452869
30.715379877377966
30.715534020127976
30.71574595947998
30.716017716932047
30.71619494221376
30.716444631514737
30.71647565816209
30.716460279889123
30.716855580711105
30.717079137851368
30.717078323881132
30.71749908576658
30.717476040051714
30.717668869626486
30.717696772112497
30.71764171866398
30.717864908529503
30.71781957054096
30.718037404391634
30.71857239833775
30.718594428258513
30.719109019249494
30.719100417645137
30.71925351003195
30.719629280463998
30.71966542123675
30.719649838995466
30.720031838358555
30.719992039576066
30.720165479941983
30.720606144859207
30.720749377697633
30.72059605030649
30.72117031647928
30.721455957431072
30.72170523285099
30.721888052215824
30.72194497948785
30.7221726545513
30.722235217653807
30.722382877458653
30.722608213289668
30.722769868228905
30.723267718043545
30.723288858802466
30.72356070987006
30.723607114947463
30.7240089143232
30.724035786199174
30.72411687178667
30.724544839905967
30.724601453937062
30.724952476584164
30.724974889711063
30.725080757359954
30.72512204620294
30.724986420978336
30.72511121273136
30.725435107465287
30.72544123305482
30.725536802155005
30.72553776711141
30.72572763921218
30.72592594396438
30.726175706413756
30.72621687584128
30.72629495620527
30.72662359451227
30.72667056845091
30.72685650253495
30.72690956467295
30.726906276935722
30.727109811866917
30.727574255121162
30.727516703406796
30.727591460884796
30.72761123866379
30.72802343441545
30.7284020345028
30.72874677637248
30.728986379484752
30.729133950064554
30.729401421344917
30.72919649554853
30.729482220703545
30.72964891540639
30.729804197243467
30.730034295451073
30.730328650691398
30.730475800506703
30.730766357418105
30.731065093125068
30.731258205284114
30.731518507294545
30.731582083540005
30.731832193220427
30.732145059233574
30.732273570220165
30.73248081828353
30.732855224928098
30.733250120317074
30.733346150804152
30.733931163476228
30.73406698781409
30.734843161588326
30.735146674876397
30.735186019744773
30.73561304508487
30.73576071627352
30.736013141392124
30.7359136613279
30.736264812270704
30.73645635796057
30.736606395950833
30.736740950819893
30.73701196084942
30.737518218824658
30.737273760227634
30.737602385715014
30.737940580628344
30.73821058430188
30.73810982121309
30.73851831674086
30.738948190672136
30.738827790569594
30.739119193716498
30.739041776864127
30.73929157420963
30.73957027643113
30.739459798223905
30.73990799624933
30.739868329933685
30.74015449480241
30.74025267511669
30.74077012589983
30.741117320980077
30.74124983896941
30.741716941385956
30.741652177945703
30.74204251255853
30.742172635577493
30.742090601857935
30.742568627366875
30.74266788509618
30.74318127727246
30.743211812752968
30.743463851476456
30.74398388927773
30.743928023066584
30.744462880549296
30.74476244815139
30.744652153438764
30.74537520692199
30.74565159156274
30.745855750329596
30.746211392999637
30.746214925589786
30.746557175551633
30.746599874503314
30.746723770895102
30.746973305650634
30.747108702857293
30.747219246286853
30.747678495419926
30.74776496340952
30.74805067002103
30.74826078046723
30.748630956058058
30.749031009614455
30.74882398716115
30.749109338604995
30.749350800688234
30.749521448502726
30.749781471274055
30.749946010064622
30.750029237526117
30.749874290849295
30.75031296497309
30.750571836694526
30.750349270255676
30.75086332876781
30.75102507210827
30.750833974589327
30.751310336087073
30.751448061552225
30.751416326534013
30.751707686275516
30.752014235993492
30.752363618851493
30.75255953636838
30.752750937299847
30.752919241342944
30.75318807892937
30.753575501576623
30.75369799995976
30.75356076445516
30.753809828931217
30.754087053725172
30.75431402717122
30.754335569516673
30.754501663406273
30.754861773742643
30.754770893651457
30.75485753308245
30.75520283247583
30.755466107935074
30.7555789853984
30.755766891416528
30.756238835346345
30.756062936092313
30.756073184794243
30.75616398279709
30.756592447506875
30.757134573024636
30.75729511659761
30.757351027634577
30.75754712353124
30.7577277112888
30.757924991945245
30.758062039294146
30.758160826958555
30.758374054313556
30.75869397817867
30.758976435040054
30.75923075664872
30.759180181850372
30.75947423667573
30.75998003692016
30.76011566269511
30.76019236795476
30.76046131459669
30.760470760025672
30.760886956984518
30.76097861734551
30.761078685343467
30.760872304378562
30.761295137962374
30.76140922072568
30.761703429731885
30.761628561377563
30.761805969121113
30.762373517504678
30.762377087825882
30.762594803364195
30.763152077351027
30.763153097228034
30.76330579731076
30.763477988696508
30.763742820761042
30.763905975415284
30.76391974746262
30.764185404074134
30.764408923548498
30.76467369156507
30.7650860986532
30.7651854247885
30.7657086693327
30.765742471664236
30.765440557704903
30.765910023610505
30.766166258096504
30.766249216018927
30.766512456520072
30.76652820456343
30.76647392119892
30.76647984040477
30.766719673066692
30.766853567417932
30.766965950686128
30.766899341016483
30.76708282376073
30.766783675128075
30.767065088241495
30.76748282814099
30.76730446364141
30.767721864337545
30.767667376587728
30.767738166810087
30.767957078118805
30.768052064224342
30.768412263811232
30.76825943582982
30.768350649056494
30.769021525804824
30.76889704558557
30.768941543442168
30.76934995311371
30.769344243365055
30.76921005001634
30.769617402736102
30.76977088472331
30.769876815979586
30.770215301378894
30.770409428336322
30.770453035651766
30.77092577760157
30.770673013109256
30.77068375571699
30.77076950197509
30.771141812172846
30.77124462604814
30.771425904289824
30.771460098049666
30.772013549568662
30.772090786512653
30.772281059760065
30.772564501811246
30.77265443857186
30.773039619170483
30.773200132814218
30.773461331506784
30.773782567142636
30.77360133386008
30.77397552748821
30.774206132439996
30.77431197464867
30.774549530055285
30.77484592710881
30.774800118808802
30.775122955453213
30.775153129573862
30.775538665519385
30.77578043033135
30.77595636431458
30.775855592500317
30.776200747013313
30.77632662076832
30.776352775773155
30.776620963257976
30.776800924447816
30.776699614443665
30.776820455383124
30.777046310290963
30.777339195097206
30.777298535602515
30.77781276820909
30.777899492062758
30.778200997312588
30.77848186790773
30.778288744546074
30.778472482639323
30.7787207289956
30.778975266065387
30.77910124651464
30.779155852787365
30.779172103250524
30.779193449737473
30.779652427695694
30.779522259854915
30.77969800770925
30.780243850384533
30.780270405080067
30.780515873259617
30.78072612424694
30.781043758271647
30.78149524197324
30.781603055965263
30.78194079897589
30.78203466530947
30.78225201126001
30.78289236642119
30.782643775727628
30.78302684194158
30.783021123932844
30.783188142674955
30.783212280214013
30.78397167204495
30.78395051022388
30.784123201245947
30.784177921458856
30.7842066178599
30.784262552056955
30.78428342359803
30.784366009201953
30.78463726275877
30.784730318311993
30.78492735330851
30.785163011727533
30.785149703384587
30.78527616136972
30.785331173596433
30.785267798857042
30.785684586459382
30.785444721272487
30.78548169727157
30.785464777533946
30.78528708704053
30.7855285174668
30.785753592545863
30.785922578252496
30.786157740841276
30.786304762151282
30.78657149246112
30.78652400374029
30.786476920322308
30.78676857778771
30.787031047619053
30.787105044766353
30.787474338905454
30.787580768811647
30.78751019916863
30.787888525415678
30.788000048303168
30.78846741488569
30.788422274727303
30.788885211493124
30.788850806025142
30.788910308655343
30.789236259664325
30.789246759222088
30.789594935406633
30.790023298567636
30.789953367143216
30.790162172185703
30.790125599632265
30.790448992834648
30.790585232112168
30.790641123692573
30.790553541914623
30.79100544206067
30.791027514320373
30.79149131790961
30.7918138306633
30.79228318248314
30.79246978062887
30.79274275448855
30.792936347564538
30.79303518177788
30.793083003599534
30.793467906997915
30.793328797078928
30.793680380175065
30.7937942224812
30.793785695797972
30.79417467577603
30.794299652396752
30.794524720559068
30.794305510423317
30.79476199858364
30.79485364432829
30.794869420453132
30.795229359338187
30.795377672916825
30.795694146366337
30.79605684066033
30.796085860825055
30.79613106484832
30.796442687718454
30.796696311460504
30.79704051241823
30.797105594298966
30.796996921404954
30.797732060755635
30.797449857117456
30.797588273940843
30.79789525093187
30.797909577203114
30.79814229650745
30.798258419085723
30.798730144148085
30.798833270944744
30.79877051064001
30.798924840460828
30.799069705838367
30.79921345496405
30.799311408119628
30.79950249335083
30.79979992400546
30.800081530671243
30.8004574024139
30.80083527640143
30.801092378392365
30.801259054915416
30.801437063975072
30.801829658300697
30.802087034172455
30.80228099003092
30.802602997511258
30.802733301170147
30.803007583425554
30.803309653143618
30.803481042858515
30.804024989187585
30.80405578957301
30.804412430862072
30.80461566503644
30.804763416615156
30.804999659492015
30.805141589947613
30.804969630014625
30.80546625787962
30.80573505599604
30.80600160687069
30.805935884726225
30.806035997513973
30.806248522618557
30.806220319482133
30.806312585630955
30.80669134648261
30.80672503905539
30.80666575184924
30.806779322297146
30.80707760484271
30.807126890200486
30.8073708468594
30.807848650248015
30.80786962665655
30.808042635324604
30.80810298010119
30.808843064469656
30.808768654703925
30.80891960145674
30.808780012741636
30.8092394004505
30.809661409430827
30.80957451859073
30.809978679445802
30.809820150851117
30.809925053724335
30.809974114872716
30.810019621676172
30.810278255417703
30.810116411386343
30.810185212528566
30.81013749496225
30.809909333037176
30.81040502360556
30.81034667406266
30.809983979446912
30.810389983255458
30.810426592945916
30.810298472554734
30.81076330573399
30.81085437452152
30.81134592996843
30.811670592333755
30.81196300304743
30.81209965676697
30.81207101478348
30.812047020854777
30.81206234389386
30.81241617507203
30.8123503291852
30.812472343802323
30.812502286655857
30.812603583291466
30.812636561609366
30.812673435560836
30.812744760919173
30.813270656259533
30.8133216197472
30.813451919517586
30.81382652707271
30.81393532026595
30.814259254786855
30.814005877085194
30.813968184448626
30.814416328862443
30.814252266544926
30.81446067274819
30.814801587974955
30.815062287121762
30.8151828767855
30.815087267395455
30.815125046784054
30.815205156606357
30.815606232413554
30.816066806686035
30.815805773787773
30.815687881472744
30.816231187816264
30.8163810004414
30.816371362316755
30.81663784217521
30.816678967079557
30.816870308475437
30.817137618053607
30.817192112617533
30.817638882968534
30.817674471372833
30.817913091020415
30.818072526318314
30.818049882640032
30.818476328824836
30.818434417585276
30.818774461365415
30.818784083352064
30.818648621032928
30.818943915734334
30.819077637105522
30.819428336785258
30.819715594888073
30.819860699010654
30.820162912470682
30.82025897829149
30.820332695832327
30.820618491220756
30.82049511099537
30.820555354047094
30.821180306721647
30.821297442102626
30.821534749578365
30.821757950865067
30.82196662593955
30.822082829196262
30.82229813648015
30.8230072841631
30.823119202734897
30.823325522390782
30.82352920169887
30.82375848277241
30.824179323526742
30.824426771184143
30.82424679613785
30.824939074820243
30.824921031091428
30.825106249007803
30.82545801691524
30.825363302617035
30.825780515796456
30.826073629748592
30.825975346298083
30.82624562793852
30.826644174513483
30.826552139287237
30.82680252613688
30.8269824141123
30.827040755961438
30.827231628222066
30.827207369531738
30.82751441381064
30.827736541887525
30.82790237208161
30.828073006692208
30.828174966974366
30.828362942063787
30.828471566448936
30.828814777955355
30.828974918641894
30.829275131955853
30.829393714632726
30.829699874623238
30.829766368472686
30.830067521978183
30.830098293785934
30.830261835674392
30.830596181335203
30.830815951118442
30.831094656175964
30.83124128176504
30.83167015800457
30.831931565264014
30.83213930918431
30.832582685927136
30.832563362405732
30.832795426954235
30.832996739077018
30.833407305533825
30.833667774735346
30.833808686284744
30.83412401087703
30.834283344565115
30.83442284433628
30.834469916750514
30.834659038671937
30.834949285552238
30.83530885418261
30.835444382682407
30.835731765919267
30.83574634300698
30.83602157178184
30.836349495553268
30.836399042292175
30.836332827499962
30.83654782873697
30.836704252287447
30.83708421618966
30.83765532276876
30.837778720139433
30.83798638204286
30.838409441749853
30.838364010648398
30.838974231535
30.838929330658466
30.83904341048392
30.839425593015722
30.839772801467085
30.839979412596875
30.84010165973271
30.840193957341405
30.840435673790854
30.840898927989645
30.840956477581372
30.841044340497096
30.841462649701946
30.841911894409783
30.842007686702978
30.84215816345091
30.842339343009527
30.842544224735594
30.84290031292127
30.843047451409515
30.843119132834982
30.84349054000026
30.84348973167153
30.843794775717694
30.844080072734652
30.84406603490587
30.844541044571102
30.84453744736561
30.84488846943981
30.845244575365985
30.844920500489867
30.845359773215897
30.845333211816293
30.845728658794187
30.846080416156262
30.84587582290746
30.8461030347135
30.846223036701343
30.846393351254203
30.846738276483116
30.846671099533374
30.84732791561525
30.847004742734967
30.84714203933124
30.847309112832825
30.847254718756044
30.847513493268735
30.847564663726246
30.84755109624432
30.84783168596065
30.847697289282504
30.847679844121224
30.84775461315406
30.84793601092287
30.848351878895116
30.848450112708726
30.848435960260385
30.848825773231866
30.848776490303223
30.84917875777919
30.849415781711116
30.849536444627667
30.849509333241414
30.849860855289823
30.850149312701966
30.850433059131994
30.850541258418026
30.850863171036707
30.850828936597033
30.850904375634602
30.851044492495117
30.851169510269116
30.85141831819195
30.85161164903991
30.851956018726906
30.851992625335342
30.852356243021628
30.852398028606252
30.85296248041199
30.85326065788776
30.85330852966431
30.853704770748166
30.853917457604293
30.853979913223423
30.854008948146912
30.854260676545554
30.854111362827666
30.853993166499496
30.854115636583792
30.854177460933187
30.85450194995773
30.854624550014762
30.8547287688287
30.854622890838527
30.854869459828215
30.855128060743255
30.855396441278465
30.855594598055987
30.85553928233945
30.855784144029087
30.855950811054036
30.85609681747397
30.856433050750272
30.85659414859983
30.85666535489983
30.856653629963336
30.856720384888597
30.856946635959964
30.85712536311275
30.857257122238796
30.857194906622382
30.857941088602058
30.85798327513543
30.85797713333687
30.85843757883961
30.85829920651236
30.85840255550839
30.858147217667764
30.858279852404156
30.858250695204692
30.858275309616296
30.858368348751824
30.85844814511543
30.858569940530337
30.858673554641136
30.858670365246613
30.85879276990542
30.85896504823959
30.859058616673792
30.859382885864935
30.859503113477025
30.85938082720428
30.85947292770213
30.859517628313434
30.859750968895455
30.859763302225062
30.85999822246798
30.860155044390467
30.86005976591242
30.860023050763324
30.860074793096416
30.860121251966525
30.860251302533932
30.860709780702198
30.86081672007898
30.861026441484857
30.861238100560797
30.861376163655475
30.861782262079767
30.861557293418286
30.862165128297757
30.862315639967136
30.862402143340578
30.86220361560498
30.862302693911428
30.86264806092838
30.86248369582103
30.862331973159726
30.862507390540188
30.862680130076164
30.862921285451606
30.86292955145995
30.862843638821438
30.862872245102416
30.863059488777576
30.86322985178187
30.863279150807106
30.8635298650001
30.86392300794575
30.864221131154604
30.86453528389816
30.864409167149013
30.86471790566607
30.864948222623276
30.865156684085385
30.865442993263056
30.865630178413404
30.866024330812433
30.866018130549055
30.866202637253085
30.866494001016722
30.866642019944862
30.866564122769923
30.866561431992686
30.866572364699238
30.866811604985692
30.86712328932179
30.86734634282123
30.86762725388172
30.86778261145899
30.868393244269075
30.8686234670512
30.86890851684884
30.869104055960157
30.869298385958913
30.869513347605984
30.86959316363818
30.86983708352971
30.8702172105276
30.870299350703263
30.870715338142457
30.870708882551693
30.870392470602276
30.870771513199706
30.87087276478411
30.870809361285815
30.871101668326382
30.871188096110185
30.871741305522455
30.87198046707549
30.872131545227752
30.872455162841383
30.87240310075408
30.872682626323083
30.872924563174795
30.873163489990265
30.873539834232425
30.873844496054858
30.874041527465398
30.874204360953918
30.87473760565514
30.874814443397298
30.874644758335993
30.874929627886203
30.8751131818087
30.875113800954175
30.875401347052676
30.875307718328266
30.875638976801074
30.87604811973348
30.875784885263485
30.8761078341509
30.87605968034883
30.876712165884406
30.876823958858907
30.876639269849427
30.876974509918284
30.876902398077497
30.877205745020788
30.877297470276197
30.87747027009908
30.877662719492903
30.877906351812044
30.877668555580033
30.877926053721083
30.878052799826108
30.87831699180039
30.878565174349063
30.87865615630147
30.879120637963283
30.879212787123947
30.879476233951454
30.87989757788142
30.88009588295277
30.880416933042238
30.880454195200358
30.88069571701944
30.88084235487234
30.88132272552931
30.88154851218455
30.881662101879552
30.88189261960038
30.882140130966285
30.88218088083442
30.882358055834835
30.882597034766658
30.882675185656932
30.882698814291807
30.882790437787158
30.883048249250034
30.883299877426843
30.88338135132193
30.883762810854094
30.883978270622848
30.88438141949969
30.884604796512463
30.884632552424467
30.885223927898508
30.885092013358147
30.885139321892883
30.885297042856955
30.8856885754323
30.88555652590237
30.885783845844898
30.88616080264834
30.88597988505715
30.886101755678833
30.886192214412368
30.886408073384498
30.886415467453677
30.886532984003033
30.886910708878208
30.886811711886534
30.886880475114754
30.88690074605794
30.88727598318276
30.887639435863512
30.887562941247147
30.88787999715718
30.887876683279828
30.887990430689783
30.88803205274441
30.888048815823424
30.888376800268155
30.888349602391827
30.88870767469615
30.888727076351664
30.888844155514956
30.889036662522038
30.889298589479374
30.88942700928264
30.889571461848778
30.889998128520425
30.889812277020262
30.889900254779295
30.88999923187865
30.89037734765643
30.890054817958585
30.890002304646305
30.890398496878927
30.89040406345181
30.890559818026745
30.890354607162358
30.890873004337855
30.891007059769457
30.890905375992872
30.89108578520254
30.891196660534675
30.89128097797671
30.891383868856682
30.89120322758904
30.891227535727147
30.89141686350041
30.891550509611555
30.892176471945938
30.89192619809831
30.892530741661766
30.8924880610534
30.892323050850074
30.892985142443713
30.89268171382527
30.893116582785037
30.893100228522947
30.89325687160923
30.89361270203466
30.893476013329018
30.893559019928098
30.893396789938684
30.89333835109977
30.893275655133294
30.89314049123241
30.893277501526768
30.893375658902098
30.8932927565484
30.893509032399148
30.893675611645776
30.893923392430324
30.893781955794232
30.893731019939736
30.893695997524855
30.893956452398847
30.893875331152074
30.893790548806468
30.89373004565356
30.894030296037084
30.894115723445637
30.89429569184897
30.894526037946587
30.894621992402907
30.89466232070503
30.894630235321962
30.894796878888506
30.89514145698772
30.895265735446728
30.895357177260752
30.89562528870634
30.8959757243024
30.896167940983833
30.89654991601323
30.896788932451074
30.89683518401086
30.896963304323783
30.897261625563313
30.897551887217855
30.89761552832283
30.897911821459964
30.898068326025253
30.898180419071043
30.89815266109824
30.898372760620468
30.898558284845564
30.89872625352178
30.898811622229445
30.89854314519691
30.898916023253516
30.898992041054566
30.899046013451716
30.89894139098203
30.898899696761916
30.89910183888999
30.899017534662736
30.899187625255887
30.89918056920851
30.899306787487248
30.89948688550866
30.89940155969666
30.899673705917152
30.89984902063169
30.899979951382328
30.90003154111473
30.900342233327798
30.900351003245333
30.90059627618862
30.9008355924456
30.900934590013563
30.901185784653848
30.901610840578435
30.901878781388916
30.90198306823462
30.901876115487052
30.901789968733418
30.902276546572583
30.902198736048156
30.90227610002148
30.902400882481636
30.902383913854877
30.90268892330986
30.902917118028096
30.903222797143954
30.903502586849303
30.90332805395766
30.903900065868633
30.90369874190102
30.9036804712883
30.904191794662776
30.904182200055764
30.90453342702414
30.90509227860627
30.905224675169613
30.905292391375802
30.905321223111002
30.905586642351913
30.90611986315483
30.906190188659956
30.90631511989432
30.906254930975567
30.906386896572005
30.906727063827283
30.906502611767483
30.90682501597126
30.906778888425382
30.9067053927485
30.906889987760998
30.90718902248129
30.907457636738783
30.907585713495806
30.907776699618932
30.9078827790918
30.90845195553925
30.908491876277026
30.908632758311263
30.908697999608243
30.908980313796064
30.90945658850125
30.909401521161325
30.909753617591804
30.909694189619724
30.90961543148064
30.90984070932896
30.91019412455507
30.91018193350972
30.91036004381237
30.910541576474955
30.910779506380884
30.9111641900437
30.911180467224906
30.911612473918733
30.911769444964857
30.91191911947182
30.91193255106511
30.911940222813854
30.912260973244532
30.912549525187544
30.91275322637371
30.91259552945659
30.91291119081967
30.91312831480991
30.913079537827088
30.913027739521883
30.912965062972383
30.913089629221645
30.91322199742136
30.913403183380225
30.913633593815693
30.913494961838985
30.913765736953962
30.913442693487305
30.913608635560422
30.913799643221896
30.913814173307287
30.913882121263025
30.9142928241072
30.91427600189023
30.914416884370134
30.914423501708193
30.914531413668534
30.914580391561806
30.914500681732115
30.91481464769138
30.914985803420084
30.915060170185416
30.915096964588734
30.915133702879363
30.915394730832215
30.91533294747318
30.91513840652397
30.91535716474487
30.91511326223405
30.91546047988131
30.915752797132214
30.915316474140788
30.915562245617263
30.915888160144007
30.91567171810222
30.91624036587174
30.916162196590594
30.916230356739135
30.916394418390702
30.916637635058407
30.916848370990397
30.916719790696135
30.91689140975698
30.917024929061093
30.91690574258443
30.917021013751555
30.91746045044612
30.917500855276373
30.91764066110607
30.918023068342706
30.918018710943112
30.91806265118999
30.918317585050733
30.91826899432479
30.918425667888204
30.918509007327984
30.91871929375411
30.91886276501148
30.918830174537856
30.918919568074745
30.91914770394924
30.919537088949028
30.919617652953406
30.919581758386734
30.919640547648285
30.919677203316027
30.919906794804355
30.919898894102595
30.9201657264789
30.920381823503757
30.92036282287268
30.920267342896697
30.920627884708807
30.92070386729317
30.920649353260004
30.920737294300782
30.920901196535887
30.9211887950027
30.921135084185913
30.921451449337628
30.921558008470402
30.921691238317944
30.921995857597757
30.921876080807678
30.9219393475431
30.92233882530648
30.92276132549314
30.922905029594816
30.922954961591774
30.92347036680488
30.92358675040488
30.923449934707218
30.92369823147194
30.924004722993068
30.92406411955671
30.924454497904826
30.924688369053747
30.924985897148876
30.925147685962635
30.92519805684949
30.92545856501512
30.925511069439835
30.925599053445218
30.926158880160266
30.926118576837005
30.926422179426215
30.926335378932986
30.926656388350654
30.92677316330697
30.926743285536364
30.927067750597267
30.92716063805163
30.92733064228843
30.92743370560929
30.927604874637954
30.927913674367794
30.928105842856098
30.92823738984734
30.928141900311815
30.928461369402832
30.92872230588137
30.92876512141673
30.9288850836284
30.929300370714856
30.92934486747861
30.929351209461178
30.929879557535465
30.929896850859436
30.93008258062661
30.930256888744356
30.93044736245495
30.93040613577335
30.93067049274412
30.93082999329232
30.931015463042904
30.931385757330844
30.931390413152002
30.93130960519787
30.93152431530796
30.93153566916572
30.931601755618246
30.93188959108568
30.932173150168772
30.932297575634358
30.93268211259529
30.932898745862136
30.932871748221547
30.932861647565243
30.933211618479145
30.933506018285488
30.933480048690214
30.933679229102253
30.9338487306438
30.93392057439612
30.93445216835685
30.934847311455577
30.93484245788207
30.934806129294444
30.93471151950294
30.934893792497924
30.93490064842367
30.9350150397149
30.935193707338367
30.935463450911097
30.935505319091952
30.935697613151053
30.93600827102657
30.936345330350157
30.93640669483952
30.93665298026807
30.936960597513995
30.937429184603495
30.93755962774579
30.937882424827446
30.938130516346938
30.938265840494246
30.93837038042082
30.938732342900085
30.938797581597818
30.93894508076387
30.938890257043532
30.939407125604156
30.939665760066283
30.939819311003003
30.940135182655304
30.94030683951081
30.940637343360358
30.940930177541283
30.941153648415284
30.94138601842633
30.941722460400115
30.9420210007127
30.94192712357645
30.942040154816123
30.94238441180376
30.942696453240977
30.9429038177976
30.943033383964156
30.943106240144147
30.942963639826942
30.943152831706165
30.943337923041856
30.94303501130454
30.943468835221783
30.943577848165468
30.94368012831067
30.943719200299256
30.943828474069264
30.94399290603805
30.944111573826927
30.94411290760658
30.944143007940962
30.944341881933806
30.94450955315996
30.944248110919844
30.9442620425498
30.944237618053098
30.944318955491113
30.94464454900241
30.94447276415513
30.944877477896362
30.94469237046885
30.94460813023682
30.944884345785482
30.94469801610058
30.944915421653004
30.94457497520164
30.944663276956828
30.94496311132104
30.944789219662525
30.945082726972192
30.945507012879357
30.945779724041547
30.945642353624898
30.945538248379023
30.94600716447198
30.94561873483699
30.94580202573048
30.9460359979471
30.946053350646384
30.94638455082787
30.946482540015836
30.94650316715643
30.94680509602767
30.947010262192155
30.947042640969645
30.947268753125666
30.947496426182006
30.947527969259493
30.94724419368025
30.946904373820935
30.94715968268835
30.947416345444942
30.947472332093632
30.947446538978774
30.94726237038732
30.94742339259385
30.947830642501373
30.94780209524537
30.947873464750394
30.94814654432539
30.94813116999926
30.948059124725997
30.94838703807987
30.948342108404717
30.948647021071377
30.94862818718989
30.94849569018555
30.94859650540398
30.948922883662764
30.949034390840716
30.94898458278397
30.94907319056118
30.94906107452076
30.94931063822058
30.94947457706899
30.949674575149373
30.949653634814062
30.949727498531896
30.949874640079294
30.949946587538953
30.950051511961455
30.950112983155172
30.950108444725394
30.950039999808364
30.950241740482923
30.950399907226732
30.950388645742382
30.95068665032404
30.951081413645085
30.95127588001151
30.95126509031914
30.951494279701734
30.951759165185614
30.951623315537056
30.951744666114003
30.95193780175382
30.951755134637814
30.952019172812584
30.952043430315204
30.95215738703873
30.9521186621123
30.95213352207142
30.952693958237628
30.95233202837253
30.952653927617742
30.952628105484838
30.952552816735846
30.952992976036747
30.953123924027743
30.953593941849846
30.9537503204688
30.953492878398052
30.953955849764352
30.95432391867916
30.95446892034228
30.954463141653537
30.954695684022752
30.954645472571794
30.954812406767417
30.954791579033547
30.95480571056244
30.954950545309465
30.955152023045336
30.955144866281575
30.955266884295334
30.955503393178056
30.955587585259604
30.955434978620136
30.955644348442007
30.955983888845125
30.955835564489576
30.956001919474964
30.95613727368211
30.956027781579834
30.956207199070466
30.95623995891042
30.956566579142187
30.9567180625464
30.95698541035567
30.95716811897985
30.95718099039381
30.95741075718474
30.95737509519729
30.957629574388474
30.957877121031668
30.95768949269803
30.958080179030603
30.957893028972393
30.958184142469563
30.95823596623196
30.958071398799675
30.958114440217578
30.95817474321227
30.958085317232587
30.95822534798113
30.958388205535027
30.95858687622446
30.95856600727178
30.95878112732565
30.95895195297022
30.958833031520633
30.959073153737346
30.95926164384165
30.95922346819307
30.959508574595365
30.95957953734667
30.95968349695042
30.959777044519818
30.959885376796933
30.959870925158846
30.96004044006751
30.960293617910747
30.960157907362547
30.960602680592984
30.960637374348437
30.960697483972655
30.960922868847035
30.960958955371517
30.96114734056682
30.961204077271745
30.961646504738578
30.961951909128686
30.96189907819945
30.961842299194533
30.961867648507013
30.962157625697255
30.96223375748763
30.962305032311708
30.962501149103705
30.962808397321467
30.96283377237095
30.962649746518128
30.962643269467044
30.962898261706606
30.96325929768561
30.96307542360948
30.96325362102867
30.963139491764853
30.96327113208425
30.96329672903974
30.96313908109564
30.963263155910422
30.963351044898996
30.963416989206934
30.963123732698588
30.963048307592985
30.963145172712903
30.963351888363036
30.96361172214376
30.96352565833953
30.96370978280492
30.96424148981532
30.964050887580584
30.964096540009784
30.964233311590085
30.964507783932184
30.96489179843886
30.964736299777165
30.96482913742292
30.964895146822712
30.9649498823875
30.965133741012227
30.96528526489566
30.965475493131116
30.965669681478772
30.96601820203564
30.966151098263555
30.96622890028695
30.966506242888215
30.966571604347504
30.966404672630695
30.966471465643032
30.96651202441889
30.966692586026888
30.966633999656096
30.967021716303357
30.96732191639979
30.96696692625609
30.967033993729483
30.967025826525738
30.9674053116521
30.96755622076463
30.96760933620825
30.96779606800056
30.967765145800815
30.96801008639598
30.968079332739183
30.968290316027414
30.968394555512834
30.9684720181463
30.968563662458553
30.969025782757754
30.968640350002907
30.96880428685295
30.9689494474812
30.969145395518037
30.969024304964957
30.96888949434764
30.969046515285264
30.969055790195572
30.969094132305372
30.96898312272181
30.968819926703066
30.969021287510724
30.969134312848787
30.96917579475486
30.9693387605253
30.969325275488373
30.969082575579368
30.969491553997166
30.969332011630883
30.969534367803668
30.96971873693734
30.969612242790703
30.9700365167323
30.970005925211854
30.970074938533795
30.970186798081304
30.970171479287952
30.970598037262516
30.97047816898572
30.970727106410052
30.970770154633392
30.970690817958186
30.971089120905265
30.97114863142786
30.97104659909196
30.9711775565928
30.97119399401371
30.971275975604783
30.971401747643874
30.971556369313245
30.971990481189643
30.972244060984508
30.97229023313421
30.9727114818864
30.9725683275073
30.972570508593705
30.97307242932469
30.973097318576418
30.973359715424827
30.97335962429552
30.97323325338786
30.97340426355187
30.973454122066315
30.9737492677629
30.97401177062857
30.97426011802203
30.97427259627105
30.97452548250875
30.974701388219597
30.974729748356317
30.974788764004913
30.975100734118378
30.97536497556884
30.975523690045744
30.975792828045982
30.976081794791522
30.976413756466087
30.976340971710496
30.976488492423453
30.976735705420285
30.976622746604747
30.97701076135159
30.976883411167115
30.977196569503874
30.977335489252592
30.977649540764407
30.9775189695061
30.977731392849304
30.977752161644286
30.97776029624343
30.97780992321683
30.978239679858106
30.978009625600937
30.978163129820064
30.978146615484356
30.978240425426677
30.97818181485902
30.978366301797585
30.97842308738784
30.978562100041994
30.978468131664552
30.978784725835887
30.978923958581042
30.979105896456485
30.97912493747927
30.978947414936634
30.97946694062192
30.979311350261955
30.979339418093154
30.97957984283009
30.979610212635787
30.979823646352024
30.979714303561625
30.979969171050513
30.980125526516655
30.980229232542726
30.980234669915134
30.9800703717734
30.980308410499482
30.98025489264497
30.980524300780992
30.980852270693408
30.980775416563247
30.981025432997804
30.981265293663583
30.9812317626397
30.981592351140144
30.98161231450721
30.981398265987497
30.981498947106488
30.98151780107388
30.981640314942695
30.981976067599124
30.981934358079208
30.982406719417565
30.982400836350685
30.982655572074606
30.982821646627908
30.983063723132037
30.983070203932378
30.983370143472428
30.98348425978052
30.983702832412728
30.983480280028424
30.983675238641446
30.983901286803864
30.98379032847663
30.983863738710625
30.98420790054915
30.983936329876897
30.983989260166428
30.983802639645862
30.983792086626174
30.983726880817063
30.98382510891429
30.984103413799538
30.984430076648557
30.984308910992716
30.984221550785044
30.984430519107704
30.984762901602334
30.984869472852665
30.9849313379177
30.985176716969246
30.98495325206962
30.985281515796537
30.985492949955457
30.985720743449118
30.985850752049323
30.98593634119036
30.986009433184254
30.986440965158145
30.98639903795146
30.986663022927466
30.986893026056812
30.986979418443717
30.98709098337709
30.987246209279693
30.987340046739803
30.987661109416514
30.9878245033738
30.987835795593554
30.98792949105823
30.988067555266067
30.988181583627075
30.988468403531417
30.988522273158114
30.98879524255098
30.98874606589437
30.98908417617476
30.989222698654647
30.989372051763596
30.98953610560543
30.989755309030514
30.98985843149052
30.990019488211637
30.990094917800338
30.990005191535825
30.990175860802477
30.990190712493074
30.990402682231814
30.99018571925606
30.99025790069546
30.990547823462045
30.99074654638981
30.990771926207103
30.990428115986003
30.99090602776377
30.990945718491055
30.991050597659164
30.99101788733155
30.991085187024517
30.99111738854443
30.991211588294544
30.991584677477782
30.991699897134684
30.99194017898293
30.99203649060316
30.992264513318485
30.992571950499688
30.992570991128225
30.99239407082267
30.99248898395047
30.99260335932986
30.992571919160522
30.992930694632285
30.992929396364893
30.9930480956695
30.993102872902565
30.993245667449152
30.993182352576714
30.993539571787657
30.993643919306635
30.99384812482389
30.99363026146415
30.993953223861773
30.99378464869514
30.99400875179586
30.993976354923582
30.99399273726542
30.994390288664
30.994395399923924
30.994278130944693
30.99455221731255
30.99469480707733
30.994439096802658
30.994313085591042
30.994310022397592
30.994432238599945
30.994620861961835
30.99472898063919
30.99487996581911
30.994816261489724
30.994724363910894
30.994695814656005
30.99454679205706
30.99490687597385
30.99487592105671
30.994777011676177
30.99516647180819
30.99516939673815
30.995381951689183
30.99534009461709
30.995408384586053
30.995454866033697
30.99561534542605
30.99594793105522
30.99585748405367
30.996048936255207
30.9960614946539
30.9960872921569
30.99636224746967
30.996447237053708
30.996449526597367
30.996902652452796
30.996651337600273
30.996683958160894
30.996928180380316
30.99666744431903
30.99663675746353
30.996485992947868
30.996614902680697
30.996886684047027
30.996726334050415
30.996970406011478
30.99736186210535
30.997565085392083
30.997898563331518
30.99789799083269
30.99822914645681
30.998068166633832
30.998379550492086
30.998326425239703
30.998590302786866
30.998712668615973
30.999078585432763
30.999116372654257
30.999111842837447
30.999376965679346
30.999625346582725
31.000055618824195
30.999776814408527
31.0002202877427
30.999933575539323
31.000137997486505
31.00001973965211
31.000286189327717
31.000690527126974
31.00087146092247
31.001178511683992
31.001282281636495
31.001514149592996
31.00158287662139
31.001974427105047
31.00232473769118
31.002427954358915
31.002732870623344
31.003001535810913
31.003186790647792
31.003394170401428
31.003298332844032
31.00338075277799
31.00391886164352
31.004045010213343
31.004020982554344
31.004662607744553
31.004742038024837
31.004949737739928
31.004919343388192
31.00518403187695
31.00517464519634
31.005329517301664
31.005435937200104
31.005390409883983
31.00557132315092
31.006005751373834
31.005888928410403
31.006062788345723
31.00625834180976
31.006489575696882
31.00654545721792
31.006514968823303
31.00673723660226
31.006855291244158
31.006972735291463
31.007057458069504
31.007026450282602
31.007297733023336
31.0071740776708
31.007097414538887
31.00722435755761
31.00747162733466
31.007362717437008
31.0076824564118
31.007849741896635
31.007858078091843
31.00789973273679
31.008161023688313
31.0080427748156
31.007895909703254
31.00810568871036
31.008098870093413
31.00856178458514
31.00837034829626
31.008175786733464
31.00832623897501
31.008198111635213
31.008448551363802
31.0085200416388
31.008715541753457
31.008990491858963
31.008978661388518
31.009290022293555
31.009267586574335
31.009518980649943
31.009783642350346
31.009972395512385
31.010236051063895
31.01039182950959
31.01055029766043
31.01061528256574
31.01064606845525
31.010812557591898
31.011020297661155
31.011200534460286
31.011614725723522
31.011712844999145
31.011742539499245
31.012066280934878
31.01218618022846
31.012233565830655
31.012363396913702
31.012351058177458
31.012415475105257
31.01258213426749
31.012526109657742
31.01274804970403
31.012811367255246
31.012969737284102
31.013090350631543
31.0128249459088
31.013321624590947
31.013123680554344
31.013268636804277
31.01349404312904
31.013127087031286
31.01360708457518
31.013570291273766
31.01358065813857
31.01359684438243
31.013418473531704
31.013662812388457
31.013754172136444
31.013860534753096
31.013893492452148
31.013862471597506
31.013838727531372
31.013919777192275
31.01386459331188
31.01404582250651
31.01424313469794
31.01417066318589
31.014288107493964
31.014490861457098
31.014436532959714
31.0144187427576
31.014553565176264
31.014572675847482
31.01437317265257
31.014554823354064
31.014598388517737
31.0148966044948
31.014846444073925
31.014778237059858
31.01495974299255
31.015065441436384
31.01512507715682
31.015065722578203
31.01546660982453
31.015566993868756
31.015758404814736
31.01587043899363
31.01567205496434
31.01598867680739
31.01635275975646
31.016591792342393
31.016589911568726
31.016551046175746
31.01657835812813
31.016575305518728
31.016454332285356
31.016812812955237
31.0165089495112
31.016434579751024
31.016461267279276
31.016759483841497
31.01668864381572
31.016507824471184
31.01654904213744
31.01633540861323
31.016745751354783
31.017004222851075
31.016820286989688
31.01708542076527
31.016997856034013
31.01724580849346
31.017300439788947
31.017191291389004
31.017504299182598
31.01735027062721
31.017453082241488
31.01733562475949
31.017488026758944
31.017526684879822
31.017313007533573
31.017732116981346
31.017641109052207
31.017552606352922
31.017809137162846
31.018002694398863
31.017808613791367
31.018014553340244
31.01778884917512
31.017782879446475
31.01797825391998
31.017967249834673
31.017970504491252
31.017915933341918
31.01798202425069
31.018154937824
31.018135922686668
31.018027843511064
31.018243379226185
31.01847876802669
31.018443323875267
31.018793518952286
31.018599887173643
31.018584292755737
31.01865683357202
31.018788918711323
31.018876918301025
31.0188951435958
31.019163309982552
31.018997927654546
31.01909972159085
31.019055246272966
31.018883138647677
31.019198837662884
31.018900199362918
31.019526886131544
31.019606385088426
31.019700491916346
31.01995217504344
31.020097914791993
31.020437901283934
31.0205006013526
31.020288891660268
31.020607585253458
31.020533123546446
31.020715636476762
31.020901632729007
31.02079710114787
31.020994652414533
31.020975542049452
31.021207260265918
31.02163341944228
31.021636661958016
31.02176745303257
31.02206400531594
31.022057771597275
31.02234027613673
31.022298719596545
31.022242787760234
31.022692023308377
31.022797294842313
31.023008209615472
31.023061382412365
31.023044070298894
31.02321217478277
31.023317478311895
31.023398068844696
31.023232721464137
31.02335852004424
31.023392870573918
31.02367503638925
31.02404117741459
31.024230864390653
31.02401220569343
31.02439063787266
31.02421840303594
31.024214430080956
31.02428508477078
31.02453333486298
31.024775994922884
31.02468155485635
31.024563940506333
31.02472897134112
31.024589909153917
31.024698191654313
31.024428306325525
31.024589538341992
31.024420657733
31.024357820155824
31.02434802175808
31.024353579777575
31.0244436799953
31.024255386589807
31.024410756240375
31.024465612467154
31.024638240537424
31.024382995820098
31.02457445334883
31.024769977844088
31.02491619137208
31.025220618943777
31.02535956498448
31.025382684022897
31.02511695519449
31.025498253324013
31.02551514276168
31.02575200101313
31.0256924812877
31.025964513347116
31.02625947014223
31.02608843107945
31.026028624904477
31.026052446018717
31.026308414211968
31.026343503227714
31.02632789922567
31.026559484282824
31.02658509067474
31.026743276219303
31.026637435590096
31.026929005390635
31.027178252355753
31.027204704756656
31.027278140692367
31.02756924894948
31.0278570984633
31.02781714537165
31.027772618424624
31.027813566773403
31.027837427387443
31.027670620056455
31.028016443467173
31.027869232020777
31.02772063774114
31.02774176637648
31.02791701309075
31.028132777359204
31.02796088520293
31.027692298129594
31.02787807895831
31.028115478016403
31.02802434034337
31.028211090020534
31.028189156693394
31.028106662659283
31.027702095308676
31.027959267641076
31.02800624837757
31.028165742532554
31.02812447025069
31.02831831035681
31.028629176781777
31.028521619913214
31.028731267024167
31.02866751177091
31.028694072566193
31.028883746397614
31.028896307062816
31.029091660174327
31.029052516688054
31.029023013974335
31.029172830531223
31.02905565777678
31.02946752564553
31.02966956990073
31.02962488894545
31.02978339907404
31.02972672869803
31.029660163971748
31.029719292659706
31.02954718328029
31.029435340439807
31.029651123164157
31.029348748396814
31.029387024799902
31.029152164708506
31.029579601703674
31.02961122380847
31.02955353481548
31.02991547269603
31.02982787183141
31.02980585661466
31.030205901624505
31.029849722195344
31.029713551513627
31.029903746104583
31.029862064034575
31.03005491362078
31.029644784251108
31.02942213402738
31.029813179365494
31.02955279670638
31.02950053180916
31.029866042253037
31.029749340418938
31.029783847023733
31.029736212138303
31.029981148120278
31.029933604165237
31.030184399174136
31.030267332955006
31.03033870324147
31.030106106619506
31.030684864671688
31.030590391436427
31.030726827770142
31.030777421447926
31.030928194979186
31.030634287295094
31.0309544256853
31.030983201236747
31.030640806979896
31.030908062537645
31.030671743208597
31.030715979330758
31.03060611625757
31.030649681357207
31.030662708119547
31.030813206104785
31.03092672668231
31.031173560452498
31.031157673990258
31.0312204911504
31.03129406186154
31.031608814507436
31.031612794440036
31.031707577446458
31.031717725907697
31.032090589850746
31.032178639696575
31.032019781857127
31.031899337761494
31.032254297544664
31.032187507907576
31.03210782258893
31.031756946429642
31.03187489038783
31.0319940152058
31.032227682885978
31.03201865120813
31.031991807897157
31.032194845673867
31.03222855659745
31.03223503807896
31.032062016109897
31.032499204998004
31.03263186406825
31.032562347976445
31.03268368676865
31.032871315011654
31.033011282484093
31.032993178094657
31.033257927466565
31.033580524017978
31.033698444589245
31.033779028368755
31.033632137690862
31.033790453546306
31.03410408790005
31.034311132348577
31.03452657273035
31.034311010821433
31.034533744400278
31.034604673339917
31.034527640470078
31.034564797371146
31.034501514100818
31.034794583141462
31.035049935998433
31.035026450255614
31.03509025221296
31.035212228938246
31.035099091700356
31.035183454768823
31.035116480364216
31.035334168328287
31.035394639012228
31.035592623254495
31.03584381476985
31.035880215060196
31.036148863422635
31.036193524464633
31.03625923021335
31.036655916289114
31.03662166361428
31.036515936409113
31.036766055789098
31.036689441430994
31.036770958782895
31.036660983212883
31.036670814053323
31.03660437220313
31.036590246843065
31.037018283883263
31.03705012605369
31.03706761366847
31.03732203852983
31.037255879291706
31.037327758085066
31.037580171225088
31.037594337572404
31.03757116390014
31.037545914005253
31.037707518311876
31.037697864147255
31.037710030855415
31.03774938703107
31.03810970015518
31.038166444780714
31.038078414560623
31.038322582457063
31.038176938745057
31.03836036224711
31.03848236444827
31.038622209887162
31.038720566937826
31.03898315600944
31.03910995694482
31.03927836942581
31.039181492877823
31.03935284948122
31.039634492626607
31.0394533088663
31.039844577599368
31.03964880310102
31.03985407704307
31.03955133616988
31.039489018434672
31.039690790726308
31.039636979917795
31.039611555404065
31.0394493648659
31.03938874593689
31.03952762096163
31.039569084088647
31.039850809203628
31.03996675225034
31.040124334794832
31.04021613011814
31.04068990192607
31.040475133427385
31.040716986755168
31.04071442384049
31.040821818594843
31.04112436754205
31.041170338648676
31.041268405777508
31.04137701128242
31.041596106765095
31.041746495084965
31.042057728450395
31.04192711282014
31.042273696393934
31.042559735554917
31.04222244763452
31.042451626110786
31.042696775046497
31.042741859455084
31.042684229653446
31.042925898720487
31.043059534277553
31.043133121595964
31.043429302061902
31.04356991646627
31.043612284187038
31.043665984547513
31.043689592837183
31.04389053357123
31.043986777970346
31.04409408106786
31.0440062092475
31.044302427558286
31.0443003312367
31.044619198555473
31.044410499609313
31.044684749939776
31.044759780548947
31.044923180392292
31.045283284179412
31.045517484735008
31.045612410008513
31.045716440716795
31.04580822944241
31.0458554676749
31.04614453593014
31.04617226113141
31.04609684239252
31.046224627965163
31.04649044994389
31.046619817261735
31.046681302600216
31.046956499071587
31.04709669218398
31.047155888454757
31.047501462422368
31.047360192988975
31.047443807427662
31.04756518966303
31.047844815461293
31.047940048250386
31.04788179163191
31.048038123692763
31.047826019763598
31.04809260442937
31.047909260820255
31.048104700109622
31.047893051966536
31.048097413038885
31.048164845411655
31.048169574945803
31.04814127488172
31.048497448450085
31.04826306208927
31.048265328460456
31.048491623446463
31.048427060974927
31.04868846239907
31.048719426726006
31.048928604235158
31.048857583199126
31.04909536348869
31.04951927968255
31.049196983089182
31.04954368278905
31.049956549807753
31.05007741001261
31.050213840244535
31.050440059748272
31.050714319516473
31.05082122683288
31.05066319048416
31.050895931094274
31.050818525157297
31.051002207255053
31.051316945754635
31.05105325050777
31.051142064807316
31.051074993697974
31.051319787110288
31.051310952874736
31.051611545491625
31.051680262726386
31.052192216778277
31.05207858186349
31.052397388997814
31.052160765612314
31.052278862250486
31.05257233041701
31.05262660826801
31.05274117578647
31.05285572824136
31.052990897601006
31.053127537556108
31.053085671072786
31.053317775438035
31.053419127893022
31.053491262272786
31.05365995196511
31.05363579023219
31.053593673238584
31.05393409712669
31.053998171925407
31.054075793046497
31.054015850958262
31.054145768205647
31.054199554230863
31.054170672839035
31.054302038009315
31.05411174925273
31.054584876915712
31.05447339169396
31.05432970251673
31.054607497844525
31.054604585564928
31.05469932787136
31.05465427458892
31.054745453905724
31.05514203439973
31.055075823594805
31.055268397241463
31.055492198795353
31.055374504745945
31.055534334668934
31.05542156223359
31.055621762315972
31.055700426864963
31.05579644675302
31.055611576581036
31.05571775909145
31.055836307904997
31.055976955456398
31.056002454597078
31.056103077640206
31.056155093307233
31.056124982192262
31.056207458750904
31.056441887025372
31.056328167987136
31.056663442901243
31.056943995732063
31.05721555258662
31.057168984330374
31.057101083491805
31.057490880110535
31.05760044359731
31.05763525200269
31.057527678325712
31.05775728451119
31.057753086315124
31.05792070485527
31.057814716473743
31.05798256076016
31.05804220837665
31.05799820872329
31.05819435958276
31.05791524164498
31.05814999934534
31.057911656426043
31.058196071034317
31.058229268015776
31.057973079403563
31.058037346090344
31.057985187193886
31.058104462062754
31.058296761681365
31.058072157498383
31.058027328287864
31.057934828061793
31.05794766560892
31.058054304762504
31.058090093061843
31.058070060216806
31.058081792619202
31.058086672333207
31.058381166100382
31.05834607110034
31.058598481537384
31.058425761201022
31.05850387143655
31.058542738934474
31.058488718958024
31.058554850338332
31.058435695493504
31.058833727139337
31.058734683972077
31.058767311269335
31.05895751805415
31.05895482402993
31.058896721052548
31.059044823316853
31.058720830683953
31.05853956180271
31.058673245331697
31.05889858180757
31.058958440739246
31.05900182625603
31.0588457727215
31.058743076531275
31.05885824421458
31.05917442909182
31.05919048411076
31.059046829968366
31.059328607932017
31.059156985149443
31.059342245605897
31.05930988381603
31.059494191030687
31.059619073193588
31.059491398794453
31.059865365709854
31.05974991816684
31.05977263299375
31.060196970822552
31.0601789556763
31.0605777158716
31.06065583771183
31.060611617394272
31.060979151583695
31.06109976391719
31.061352100341274
31.06152571559936
31.061517627877176
31.061753372764393
31.061687187484313
31.06176059005875
31.061642334769296
31.061489622219543
31.061667095172286
31.061390991223618
31.06112028359389
31.061210336795604
31.061014468479936
31.061336071736946
31.06134383424652
31.061304981276457
31.061512905918608
31.06136423446392
31.061644926368714
31.061568470441063
31.061749454904096
31.06178241771307
31.06206815827539
31.0617484150017
31.06186177979363
31.062092907925198
31.061775424359254
31.062227430754376
31.062153337753337
31.06229601166843
31.062377441862935
31.062364897620782
31.0624232317199
31.062345113592578
31.062199279834882
31.06231276010523
31.061911058729113
31.06187181314635
31.061980546599433
31.062016216082725
31.062048434370034
31.061828809465467
31.06171641456926
31.061837473755304
31.06167807017173
31.06155170136666
31.061551245353254
31.06151753199036
31.06156335868649
31.06176345006537
31.061814214853996
31.061895295163925
31.0618949403348
31.061952121079358
31.061966114456204
31.06221268519902
31.062287887740517
31.062261137450786
31.06219548633642
31.062502883386127
31.062410810640323
31.062026408791965
31.062033622205313
31.062121437911124
31.062175497180956
31.06223596487087
31.06220766625052
31.062362665775733
31.062443344570667
31.062283440865244
31.062448759907248
31.062601431472583
31.0627087711388
31.062696588271827
31.062734282559695
31.062827022019142
31.06291245719847
31.063038348343895
31.063166462902796
31.063357294359548
31.06357126306318
31.063538844902222
31.06390789701663
31.064162513130334
31.064156579312282
31.064190655472036
31.06428290934916
31.064296770910595
31.06430692394039
31.064413905478663
31.064233267538654
31.064579091528415
31.0645386001266
31.064857959762918
31.06507672387389
31.065078205844188
31.06506449681682
31.065068819760523
31.06511292040523
31.065220051096844
31.065083651856597
31.0650602014907
31.065032636872584
31.064903713001716
31.064905418283338
31.0651513546243
31.064881771561534
31.064994342524535
31.065032454150867
31.065085011347485
31.06517941787869
31.06514028962513
31.06532765144781
31.065301949227102
31.06545657518769
31.065046180840888
31.06526419599346
31.065293021795156
31.065370979954146
31.06556461328942
31.065514332162948
31.065460046613886
31.06555122465284
31.065243911552347
31.065078766844692
31.064953549801757
31.064951190643683
31.064799516207056
31.064652722994982
31.064983820123395
31.064839917031183
31.064661033803898
31.06482483991359
31.06494279858245
31.064943615901033
31.065158163321783
31.06529057405
31.065489988172313
31.065281875735707
31.06535250805883
31.06565701322642
31.06572840464051
31.06593834546039
31.065931851238066
31.066184955939534
31.066123363009403
31.066354130153904
31.06643630269624
31.066469674725965
31.06671302043822
31.0664781016761
31.0666586168278
31.06663777672514
31.06635091547645
31.066441931235367
31.066520561086225
31.066379759074426
31.066482026745494
31.066710808342002
31.066709890116773
31.066656548460713
31.06662032690023
31.066953134658974
31.066887073710326
31.06714572178952
31.067049836436652
31.06705871096593
31.06691856657298
31.06690821516983
31.067309917030492
31.067141034094767
31.06710587722603
31.06726458562795
31.067459931856366
31.067599928133973
31.067899737463357
31.067829926634033
31.06795855680209
31.06807943633965
31.067930036903032
31.0679268580407
31.06787488532083
31.068166879669548
31.068082199827273
31.067956810399412
31.06812727516948
31.06815833829448
31.068057232092826
31.068009228440253
31.068022374016408
31.068122649888647
31.068118504589233
31.068159826583187
31.068019209062648
31.06819655649327
31.06817312664548
31.068157804292618
31.068114112299966
31.067920096971253
31.068212153345392
31.06814129568943
31.068290267272967
31.06845503227282
31.06840817041549
31.068244176889163
31.06861823425962
31.068678572742993
31.068630507588043
31.06866288374803
31.068442761054005
31.068739483481842
31.068776957708554
31.068862510096604
31.068685700052946
31.06874425716252
31.06845757473003
31.06829908808216
31.068282650474877
31.068049211008688
31.068396453160783
31.068509440288622
31.068438540181017
31.068655805302402
31.06860369306839
31.068628094457615
31.068686621023424
31.06863773571691
31.068756928461077
31.068594859833443
31.06834751174604
31.068698068635285
31.068870433494943
31.068997917720257
31.068910298696494
31.069054282434298
31.069223141446788
31.06913952500914
31.06924627595624
31.0692301864629
31.06942527045899
31.069461136593894
31.069303764528684
31.0698497446448
31.069676039746227
31.069629619270973
31.069748376998312
31.069637114466477
31.07000146751444
31.06966760821833
31.069694391814593
31.06971813091667
31.06981660714695
31.06999164226464
31.07016117253718
31.070340275088853
31.069998733660647
31.070116325995475
31.07003224868306
31.069936893881867
31.0700360711925
31.070028508535422
31.07045557570014
31.070447853621197
31.070660945267253
31.070541572370193
31.070539567286204
31.07115834870879
31.071145406535404
31.071275132300368
31.071453709300137
31.071515326554163
31.071614888638305
31.071617202569016
31.071699077858653
31.07161977448687
31.07170666947711
31.071797706552214
31.07174131933313
31.07170434744483
31.07183805277916
31.07193542372009
31.071983699811334
31.071837003242344
31.0717082571278
31.07156102362209
31.071680799079537
31.071625685708103
31.071410577348107
31.071547469608266
31.071615509789705
31.071437590780285
31.071431687610605
31.07138704506813
31.071384141514308
31.07133127555724
31.07126958058409
31.071437919323415
31.071637545673898
31.071337242679057
31.071550571113722
31.071328658258768
31.07117495684264
31.071063852493115
31.070851288208132
31.071049463105656
31.070772727694212
31.070829109140526
31.071076636745826
31.071082749721413
31.071348780613896
31.07127165377809
31.07152393144334
31.07148361210828
31.07133057605725
31.071792680834285
31.071695242591094
31.071771304132973
31.07185194166698
31.07165618134426
31.07185693742769
31.07185912575341
31.07199863845238
31.072064187417862
31.07188196581265
31.071967615884493
31.072226675451393
31.072219089364257
31.07256792539683
31.072633639939852
31.072748023541727
31.07272541024011
31.072845901278356
31.072921665477015
31.0730983159701
31.072827780298553
31.07315915573846
31.072982940766437
31.07295923566756
31.07301013600594
31.07305649152333
31.073087107135006
31.07318584994596
31.072895327117447
31.073244057215256
31.073427303951483
31.07320859803155
31.07324083194761
31.073320627136617
31.07335662577217
31.07348700936436
31.073571303965366
31.07346661683906
31.07336298127622
31.07345152598745
31.073352529648712
31.073441883935182
31.073389578616613
31.073522924936977
31.073630483085168
31.073679884367106
31.073614687179397
31.07392359585237
31.073993134834428
31.073837600283227
31.073671012157323
31.073764961860945
31.073755388775012
31.073908545031852
31.073912160334558
31.073750983854453
31.073735000099752
31.073633517764186
31.073458944995526
31.073323212615414
31.073096863989136
31.073239635690413
31.073198170117713
31.0732351730542
31.073192245611054
31.07300028962495
31.073093470480902
31.0730901841104
31.07288354959381
31.072956025677904
31.07296372156073
31.072670903143376
31.072635928413682
31.072922028868064
31.072568170237993
31.072437967763562
31.072436222207052
31.07219991899463
31.07229696515502
31.07231465037268
31.07239430771012
31.07209076430909
31.07206029478933
31.07204501436941
31.072039891887545
31.071964180407722
31.071967666425294
31.07207503545837
31.07183833744209
31.07186655325364
31.07177066398726
31.071874785522123
31.071883670409854
31.071894115105415
31.072169970705858
31.07222377991341
31.071936656866765
31.07200744685601
31.07208860353851
31.072235887484787
31.072214859806074
31.072182782122834
31.072290105451565
31.072061266686433
31.072386509342856
31.07245812371012
31.072795414800876
31.07263449318598
31.072590820201835
31.07266727081573
31.072772722162057
31.072732979944657
31.073107843408696
31.073074101732846
31.073333975664145
31.07347248096029
31.07355287610329
31.073836536610344
31.073913367902676
31.073906990733896
31.074199738015974
31.074137452080805
31.074144018495517
31.07436836879927
31.074749468812044
31.074706887090965
31.074625251150035
31.074856522193496
31.07495207296143
31.07508566502522
31.075175657164678
31.075155964442587
31.075143079598526
31.07516647736255
31.075011512494576
31.075260052522125
31.075224433552172
31.07529435305013
31.07538260403022
31.07522688341949
31.0753038963361
31.075633955421974
31.075420321593707
31.075347992862802
31.07554959461666
31.075753251931445
31.075973698438343
31.075593165354363
31.07611081934328
31.0761000324141
31.07583940354296
31.075978813894096
31.07616504624369
31.076131067942793
31.07611516506634
31.076465504481135
31.07639551164563
31.076397073884156
31.07625056586396
31.07618895520269
31.076396003217674
31.076647964047094
31.076377032931482
31.07669820962304
31.07683081662351
31.076798507119705
31.077027624657873
31.076841877325375
31.07705973046862
31.0773055068374
31.077367885068856
31.0773326779809
31.07740479602777
31.077135647081477
31.076986738787426
31.077095733459625
31.07713779215598
31.076885747528603
31.076939179882768
31.076950870073716
31.077013679196522
31.07712346931544
31.076967065147173
31.076900059298854
31.077041467303985
31.07718006773829
31.07713993796861
31.077153962838665
31.076952265973446
31.077093172361625
31.076965506231232
31.076745453857896
31.076394197713594
31.07643493239697
31.076346911798062
31.076397579524375
31.076447179597647
31.076148954961134
31.07632365739196
31.07639012377106
31.076344184866006
31.076621680526088
31.076037586036684
31.076253170891505
31.075793013115977
31.075866821783787
31.075884112130808
31.075621875721527
31.075644780351716
31.075573170247452
31.07567981675521
31.07559530426528
31.07543686997328
31.075585047081123
31.07558580916637
31.07576587374325
31.075633756215176
31.07538918320698
31.07567435616115
31.075211438910596
31.0752138709596
31.075418900282944
31.07492816628202
31.075012139180128
31.07476733320231
31.074700212811518
31.074773535513792
31.074642937850484
31.074611511573327
31.074884118738137
31.074974391370883
31.074820042420402
31.07475679254634
31.074459796638905
31.074457078226487
31.074503326687235
31.074511318779066
31.074461784488147
31.074189292098737
31.07405185563429
31.07382842441244
31.07364766161571
31.07366611168617
31.073643178451743
31.07371238243259
31.073766561088064
31.07391481751822
31.074051073443613
31.07384773955602
31.07374581381846
31.073894136545626
31.0739729859543
31.074030371562905
31.0739475731149
31.07398463026926
31.074277283368794
31.07411812706932
31.07404920771394
31.074235273883755
31.074174689866126
31.074111973727014
31.074121918246085
31.073974721060065
31.073958135638794
31.07384343288876
31.074035270617625
31.074064111845438
31.074173728385684
31.074278160908296
31.074481312037932
31.074245749439694
31.074175930562017
31.074115732564316
31.074223988650438
31.074472237317664
31.07429705647072
31.074544329418213
31.074453941589617
31.07435782011592
31.07450846189659
31.074213128607816
31.07446964969828
31.074383054483764
31.074293604483387
31.074213493709237
31.074595779846593
31.074525234085904
31.074491468535342
31.07444874150181
31.074764310683733
31.074962846907948
31.075161264521668
31.075523135817782
31.07555169339069
31.075679099939556
31.0756552678165
31.075742245298976
31.075726750687704
31.075877255164173
31.075869312180412
31.076038210635634
31.075863122728904
31.075922175730454
31.076021644736763
31.075933617617828
31.075813591155388
31.075955640021856
31.075764804449662
31.07597098911841
31.075736355321162
31.0760117319851
31.07591961876327
31.075849478978846
31.075768420658942
31.075826334382057
31.075729341181678
31.075596449491126
31.075568976107128
31.075607848653014
31.075388259729245
31.075539352185263
31.07562203153053
31.075681866760362
31.075422340000785
31.07538270747975
31.07513784849995
31.075348190155466
31.075252706085934
31.075244258548835
31.075239631632307
31.07518126111307
31.075169409534553
31.07526801542167
31.075169954204398
31.075266096605915
31.075425318822255
31.07541459479878
31.075590121449697
31.07556757761541
31.07569091710545
31.075925274108656
31.076319319795243
31.076246483800055
31.075987581539415
31.076068357912604
31.076068604493997
31.076019804959238
31.07614516943256
31.07625605288748
31.07613704768925
31.07643025950489
31.076461900149603
31.076581365361342
31.07642616183918
31.07639897727944
31.076602623607187
31.076708893001243
31.07681780207392
31.07700109819163
31.077037004807426
31.0767110582309
31.076983595984814
31.07683865738543
31.07698876756966
31.077124257784345
31.07731317591901
31.077504071548212
31.077715510610147
31.07760965333254
31.077580666866584
31.07766851998069
31.077588844495814
31.077712510500216
31.077636193735273
31.077830400988333
31.077906136488235
31.077967359481956
31.078033505714643
31.077849632129798
31.0778167038117
31.077804652423076
31.077770569671756
31.077977738106036
31.077584694484656
31.07776581397623
31.077770961830723
31.077829461919045
31.077956548337333
31.077816223775834
31.078216462185146
31.078221152098408
31.07812373440007
31.07807674686143
31.07802408652965
31.07776176373841
31.077633068349073
31.077572530740166
31.077760076594277
31.077706308613102
31.077823354896847
31.07784367598446
31.07800095324109
31.077882372595553
31.077846065986915
31.07797152072842
31.07803866384929
31.07810995656315
31.07803993878722
31.078043553420063
31.077970672932814
31.07798116070065
31.078456389440458
31.078273071609324
31.078228533279535
31.078278715426315
31.078247543474223
31.078146699424394
31.077894576054568
31.078128641766654
31.07818518417906
31.078213858013342
31.078286641078634
31.078066589016178
31.078367471467896
31.078354107269803
31.078494778775536
31.078275562581425
31.078259012303317
31.07856086891384
31.07824037533485
31.078286145468592
31.078418726691478
31.078386036885057
31.078173854695414
31.078321108250492
31.07803487339599
31.0782751872959
31.0780545046412
31.078197860515345
31.078033894051416
31.07824030313184
31.078243861966577
31.077933328697572
31.0780050883473
31.077780746748612
31.077544635456277
31.077630316022685
31.077504190395224
31.077696939526483
31.077453750115602
31.07730716206772
31.077355826669717
31.077263901140384
31.07754957928027
31.0777855360866
31.077304381388405
31.0773173109351
31.077497599370105
31.077590246445617
31.077409310655362
31.077272470805127
31.077169829913384
31.07732663827628
31.077018627332926
31.077225197257718
31.07723697607767
31.07718047959176
31.077381346115587
31.07724336387982
31.077370296078335
31.07733346964234
31.077368812524988
31.077243449929163
31.077641424358994
31.077534477092854
31.077782308908944
31.078067873503343
31.07804862576225
31.077960670007275
31.077930673398107
31.077993492404026
31.077686596271125
31.077824297726107
31.07772016671767
31.07758408984584
31.077784891035783
31.077646882621607
31.077590630142456
31.07755282582641
31.077589597710514
31.077664025280495
31.077696944389185
31.077443793362054
31.077432326086978
31.077585678732905
31.077614815528
31.077716373030878
31.077834930919487
31.077955962162488
31.077868683240023
31.077759171267584
31.077560793046523
31.07758155284077
31.077711629566185
31.07758867792562
31.077724975938168
31.077649070331923
31.077300641638473
31.077269180513525
31.077444771483783
31.077687603907176
31.077605325623733
31.077552222789947
31.077219364802147
31.07743953428529
31.077389038950663
31.077526965632153
31.077604495517278
31.077651651004388
31.077629187453056
31.077903012910724
31.077523407734024
31.077315696248107
31.077263861784257
31.077297578182876
31.077292837665222
31.077435071607038
31.077636947416117
31.077655843904846
31.07764461985016
31.077440069878573
31.07742625714108
31.0776754111529
31.07756837152096
31.077478246739215
31.0776224741503
31.07752991726506
31.077470326569504
31.077331583150706
31.077569802280642
31.077706215139926
31.07760242202665
31.077604004528432
31.077474344904495
31.077870516802918
31.077728894503082
31.077629019583522
31.07786192396192
31.077835558671545
31.077811248327258
31.077962394664993
31.07765373250249
31.077670669296225
31.077654942325278
31.077762661953944
31.07753826006882
31.077405312866585
31.07759011120292
31.07717302985845
31.07726166234849
31.07717317588783
31.07714588297049
31.07719471003999
31.077099583345387
31.077177125215204
31.07731290586568
31.077117901365305
31.077375745666984
31.076935543221968
31.07716023739984
31.07710895174413
31.07705595921138
31.07709731783387
31.077303487040325
31.077100659271096
31.07698168044137
31.07717669277662
31.077245811970272
31.077157239401153
31.077006268384316
31.076902991776187
31.07670484023695
31.076824816048845
31.076681537739695
31.076728573754405
31.076597340163936
31.076509972528243
31.07666081260507
31.076819600402096
31.07653945778133
31.076606394760287
31.076716361589632
31.076430411963422
31.076510743970978
31.076300993633076
31.07635538700093
31.076377247258577
31.076455668610564
31.076456685125798
31.076280237574384
31.076244608029317
31.076045126797446
31.076121815645998
31.076519143731865
31.07651297017977
31.076202905444372
31.076356844123843
31.07659310468639
31.076398740501897
31.076559649167038
31.076758707843734
31.07690836894498
31.076883358178012
31.07690655745964
31.07708511013254
31.077042088024204
31.076896483416526
31.077134373945494
31.077075249777746
31.076989491157132
31.077030336316113
31.07677887821508
31.076815568653366
31.077188161133144
31.07710034644854
31.07699576134488
31.077001774486106
31.076767625869973
31.076642671843118
31.076582017757843
31.0764046105065
31.076258934686827
31.076402534599616
31.076278157345595
31.076150140618466
31.075981318811913
31.07570857459756
31.075735432081512
31.075617538324536
31.075230662981575
31.075089670964026
31.07506947551673
31.075003479783653
31.074906682341403
31.07495501337202
31.074470009815784
31.07453598285524
31.07456753423215
31.074480703623962
31.07445257864095
31.074045957494487
31.073716455942694
31.07379800471491
31.0736581515703
31.073652738509864
31.073655557382768
31.073512082313268
31.0734860869044
31.073284376365912
31.07345010120615
31.073178170077583
31.073134522299103
31.073296740365723
31.073068703935274
31.073323629354064
31.07298489814822
31.073077294827588
31.073162725338598
31.07286503173972
31.072894796950127
31.072730590854857
31.072858439260944
31.072960758485717
31.072792142551652
31.072802000345582
31.072555030338926
31.072551586552425
31.072310147136513
31.072576360055606
31.07267220421301
31.07257634283451
31.072693274961637
31.072958564909293
31.07298681579891
31.07308638320472
31.072872396606815
31.073270223876833
31.073494235371662
31.07343986342789
31.073692128870654
31.073722380333
31.07394186471529
31.073958296457253
31.073878301766634
31.073848663681098
31.07402361007539
31.074188047970253
31.074227277417673
31.074135672290765
31.074526785747018
31.07458716084583
31.07465815541959
31.074774262106605
31.07479775606599
31.074941081011715
31.074609743632266
31.074766996992246
31.074749674147093
31.074770925179727
31.07454769375808
31.07475349984368
31.07518526879558
31.07514213851661
31.075264570416902
31.07529959076532
31.07544896121391
31.07538065758363
31.07537123464093
31.07536193536334
31.074914015834324
31.07510579324268
31.074860574222303
31.074899065299576
31.07486571792295
31.074879085285723
31.074861306853094
31.075162770324553
31.075047843061686
31.074896916403006
31.07489433240499
31.074734065113645
31.07506710833706
31.074969456464245
31.07495450605392
31.0750182187017
31.07478948157832
31.07476895843646
31.074621805089613
31.074697829743215
31.074874883985764
31.074854184575006
31.075121813990613
31.074842311886194
31.074744333879924
31.07459705360773
31.074722082629705
31.07470404314187
31.0747921843691
31.07468105331247
31.07450324194914
31.074530353329372
31.074535896740873
31.0747036847076
31.074616902074016
31.074435146681477
31.074343271566335
31.074527698439812
31.07459084168301
31.07433260785381
31.074282214650346
31.074282856290935
31.074126112825574
31.074257092284448
31.07429722450361
31.074322288526535
31.074042420166165
31.074184528124174
31.074350621031293
31.07422406775891
31.074338722611913
31.074227951692116
31.074103335032007
31.073961353810574
31.074034682493913
31.073899303353045
31.073873864017543
31.073784885020928
31.073637475593276
31.07321403778094
31.073527977916356
31.07323623019852
31.073292916973358
31.073231148356335
31.073281431556893
31.073189519141565
31.073163876574167
31.073046136295908
31.072853162689754
31.072992951696705
31.07288300097983
31.072934010940575
31.07306403391588
31.07289658937961
31.07277582186051
31.07295704783126
31.073171701726636
31.073123136341408
31.072892811973546
31.07295343508982
31.07290934602527
31.072734174759585
31.07277670723438
31.072802040210036
31.072865119981138
31.072729063151556
31.072587190788333
31.07266368610223
31.07254498332069
31.07256025786213
31.072480127189923
31.07237671015955
31.072574081403594
31.07259114400772
31.072389530370124
31.072495026838634
31.07245585665879
31.072447925510083
31.072414637125945
31.072421822803598
31.0726517137604
31.07261857293708
31.07271869888055
31.072598948873264
31.073060955180374
31.07271620840119
31.072900104868072
31.07288564733958
31.072807890901753
31.072863392402187
31.072793077344176
31.07287759764977
31.072977516383673
31.072910234071095
31.072737068230204
31.073027081181195
31.07266796190939
31.07262803977855
31.07270753575333
31.072577124888923
31.072500357496637
31.07243723307271
31.072540061193994
31.0721930047886
31.072331505441134
31.072208051375583
31.072074487113134
31.07236191487294
31.07226351397793
31.072314169833568
31.072287849356613
31.072312519018872
31.0723156869958
31.07239878026884
31.07194922708331
31.07228999721032
31.072310218736476
31.072275715442604
31.072379294807817
31.07232927632338
31.072449329869695
31.072220529987
31.07217127051024
31.072233402058412
31.072200151379082
31.072477327035376
31.072007167191753
31.07220656188612
31.07204512624971
31.072013051900058
31.072181633005286
31.072027235077506
31.072002008605057
31.071834566082963
31.07156881283432
31.071650282879872
31.07155507554468
31.071590160736452
31.071735747203103
31.071531320758364
31.071459884878486
31.07143120497003
31.07138710142989
31.071407190325626
31.071278452117056
31.07129398020103
31.071213879335893
31.071217767799027
31.071112275500603
31.071101702182542
31.070948196298808
31.070622741750995
31.0706213830711
31.07068726977134
31.07071095160194
31.07036989489993
31.0701964905118
31.070122637585538
31.070172379767733
31.069826709280115
31.069872047617512
31.069691003536732
31.0695228575474
31.06956142024577
31.06951773600266
31.069562838832482
31.069435338607402
31.069386658411354
31.069515242000133
31.069054109808476
31.069429468446693
31.06925851595406
31.069182734152218
31.0687442105573
31.068862647192972
31.06892517732074
31.068858613119083
31.068612655516144
31.068639946576624
31.068409725123637
31.06846040108593
31.06857207671414
31.068477535691503
31.068920055929166
31.068855201958876
31.068699893761263
31.06874781368912
31.068955545992427
31.068897963792352
31.068998691558768
31.06915535564401
31.06938395678157
31.069352760384806
31.069607891394394
31.06978534213839
31.069913392748273
31.069609695632142
31.069955271438353
31.070239790291694
31.0701549555306
31.07029520219791
31.070317182090413
31.070409292551375
31.070233741096395
31.070362618491473
31.070434107575437
31.070375403239552
31.070297632971307
31.070277964193934
31.07011403375263
31.070009169954243
31.069957385569666
31.070165740686303
31.070018546198725
31.070067904573158
31.070117757247687
31.07002058313872
31.069737409327125
31.06965249918678
31.06973804782222
31.069596700252326
31.069606873950967
31.06969863427001
31.06970544832125
31.069888690476315
31.06987516139764
31.069827909545307
31.069818019838678
31.06996212145479
31.06993212516783
31.07005341610136
31.070034530642793
31.069974213842947
31.070045892111494
31.06995099149448
31.069966916283146
31.06977819262557
31.06936400244082
31.069509567610808
31.069423066144125
31.069583065423725
31.069495917026934
31.069413443574476
31.069275606890912
31.069153466778552
31.069232613611256
31.06888844561496
31.06921742780086
31.0690182451291
31.068973771429814
31.068933911002667
31.069062188588997
31.069074595388205
31.068905143056003
31.06908512672128
31.069163207621262
31.068998128704656
31.06910896171406
31.069057842364558
31.068834322054624
31.069003031666824
31.069124339067088
31.068958769501975
31.0691509990664
31.069123027114337
31.069399977545572
31.06910823602525
31.069078060236677
31.069007706253366
31.06892521241597
31.068958866326028
31.06868433879832
31.068669906888076
31.068669209082287
31.068510668679295
31.06854430390744
31.068502965284573
31.06845247344633
31.06836572136897
31.068304096897364
31.068120820500766
31.067890390299926
31.067630398961988
31.067727348428
31.067893351172636
31.06792694149445
31.068203183026903
31.06789118826253
31.068056859175467
31.06795098304029
31.068101876209425
31.068154334496363
31.068150320031283
31.068154212176662
31.068120858923656
31.068200529281906
31.068030366085992
31.06818727739517
31.06827056173867
31.06822851591101
31.067963123190353
31.068046485306535
31.067970387912812
31.06782723436378
31.06762251203881
31.06774721640294
31.067861815158928
31.067688370330174
31.06790070374929
31.068003067824996
31.06793602110691
31.068001550349873
31.067712403309777
31.067841906867844
31.06765371997696
31.067696473268356
31.06780366173789
31.067707851664906
31.067375280412634
31.067330385314172
31.06734344865485
31.067305662558375
31.06730286925329
31.067334855156314
31.067247557692433
31.06734373700609
31.067524217781756
31.067655193038487
31.067710402389473
31.06742296035381
31.067471325930114
31.06728681481686
31.067255587219854
31.067165050028617
31.06730575011198
31.06704284415809
31.067106444496705
31.067096356650307
31.06735166995854
31.067331475477502
31.067371967131567
31.06750709397972
31.06758329543091
31.06762905406707
31.06731654489745
31.067581833730014
31.067499568945
31.067555945137265
31.06735011869786
31.067201820311475
31.067311038107334
31.06737977721117
31.067495264465567
31.06717135878953
31.067225899065125
31.066967016362163
31.066779579169676
31.06719795638542
31.066814171297214
31.066845119056627
31.066567468124298
31.06637893827692
31.0662449297631
31.066144638975977
31.066005703050045
31.065816387299922
31.065741923514697
31.06588567778873
31.065596740932598
31.065753347709748
31.065371098897355
31.065329055400124
31.06543105220984
31.06483288824569
31.064795716834514
31.065106931918194
31.064700110054396
31.064895257548383
31.0647353599226
31.06435874758759
31.06450248414817
31.06413266140054
31.064192039948754
31.06409921186541
31.064100292254505
31.064036139948175
31.064097021052127
31.064212193076777
31.063990334292043
31.06417049446701
31.064071995370604
31.06404394275334
31.06385634442601
31.063999067865993
31.06370389212303
31.0638335837822
31.063701482249456
31.06359655879018
31.06360422394433
31.063366983787887
31.06342458172749
31.063548387397294
31.06346489636038
31.063064548142165
31.062908449760954
31.063159931174354
31.063059559257894
31.062806527699273
31.06274719853364
31.062438825940916
31.06231270061563
31.061860909535092
31.061832009720813
31.061889297205347
31.06167674254806
31.061631892599664
31.06151621523192
31.061216853419236
31.061103733196255
31.061115933368217
31.06086893016993
31.06071599562688
31.06066527172338
31.060556733609374
31.0602549882313
31.060021295457645
31.060176696098814
31.06005757164568
31.059908905871026
31.059859679064594
31.059914815678606
31.05972887758785
31.059690669092426
31.059666321713646
31.059723672916274
31.059544624933558
31.05947334084789
31.059574327439144
31.059507240304946
31.05962300086421
31.059568094396795
31.059392562573976
31.059533038671574
31.059601570520783
31.059643764551097
31.05975964402147
31.059756902226496
31.059579653067626
31.05936736644221
31.05901794931533
31.059186144985386
31.05896605923507
31.059017779576447
31.058659552365842
31.05900479367763
31.058921087703418
31.059086682465185
31.05920857277261
31.05912431117392
31.059193565609917
31.05924612217047
31.059225085748615
31.059256475801746
31.059586206409367
31.059430959655295
31.05932588612533
31.05918175164012
31.058903894215412
31.05931127821799
31.05932195801881
31.059409958114998
31.059391299845224
31.059529888658616
31.059414001165926
31.05923228076176
31.059592860073742
31.05925242606673
31.059450307302328
31.059270449150567
31.059317508316894
31.05928953072454
31.059269449291868
31.059008008175766
31.058926096334215
31.05888206640172
31.0588842080558
31.058965402531832
31.059076065852654
31.05899438679764
31.05923981117872
31.059317791113017
31.059594134283678
31.059676400324445
31.05949529400869
31.059556175665413
31.05959730815437
31.059489167496125
31.059531846692003
31.05924527392684
31.059289806164486
31.059139616682234
31.059164830561095
31.059076711711548
31.059212154629844
31.058950881956914
31.058984243800808
31.059037352257857
31.0588877625977
31.05898612661415
31.059078002350724
31.058770050723957
31.058802703346323
31.058791654592124
31.058502615480705
31.058594056470348
31.058369140751285
31.058170138825233
31.05803484531925
31.057892687981685
31.057745286825376
31.05766420187781
31.057471219113125
31.05738479149722
31.057502000770096
31.057330877327832
31.057178720530203
31.056826725592042
31.056613489885585
31.056644532003325
31.056456459442696
31.05622954181061
31.0560265617641
31.056157495688844
31.05571689529731
31.055514416947187
31.055358289712103
31.055170810989374
31.054995198528236
31.054966279508683
31.0547510722171
31.054516521548127
31.054216342575216
31.053944681891913
31.053636262015406
31.05317960198855
31.053183329021262
31.05300393711897
31.052533455788833
31.05231218889273
31.052149264084385
31.052029533065067
31.051975069895803
31.051916145219444
31.051647391790446
31.051295288335798
31.051467946964042
31.051264517642366
31.050930864577865
31.050836634549984
31.050796413238302
31.050727338780156
31.050575773451186
31.050362899656324
31.049937930914403
31.050038415263334
31.049762710285588
31.049734389770304
31.049493808003874
31.049382939478647
31.049280720546456
31.04926952145634
31.049382339802193
31.049219638803628
31.0492969542219
31.04906030364848
31.048802266802245
31.048812422301808
31.04868080133162
31.0486537403423
31.048342861007153
31.0481623325784
31.04812835305748
31.04756824124091
31.047551507412713
31.047449805389505
31.04708530605132
31.046894859958535
31.046788706110316
31.04690651005413
31.046791772295204
31.046843872540567
31.046655445542473
31.04667699150665
31.046152821365077
31.046203799356334
31.046003171370323
31.045855393874618
31.045748558200902
31.045736571473487
31.045579198612646
31.045459199712045
31.045299495766436
31.045420255395232
31.045292545276226
31.045142298232562
31.045022606502247
31.04495144008687
31.0446062650769
31.044389692150965
31.044403630822565
31.04413162523137
31.04397380052005
31.043643565347722
31.04348912530099
31.04328996073231
31.04298068230112
31.042786565130562
31.04239611749502
31.042529750995016
31.042362793276695
31.04229502341063
31.041983413388046
31.041800915103913
31.041791276892017
31.041689306992733
31.04162271727032
31.04161835216786
31.041348702771522
31.04118014794592
31.041044930080712
31.04097890422592
31.040757202161235
31.04077917174234
31.04053737659132
31.04052280906895
31.040438438889993
31.04046761911956
31.040233791343166
31.040121720128333
31.03977994778721
31.040107300936526
31.03952548976897
31.039849287838543
31.039273431293857
31.039228024660126
31.03920629230693
31.038999400385233
31.039118438325524
31.03865852009158
31.038520571405122
31.038466178480824
31.03836331824111
31.038266613753073
31.038185885520527
31.038339232807587
31.038193729683957
31.037935660540267
31.038018614497606
31.037889380692224
31.037771393394955
31.037705694054303
31.03749307112031
31.037385113423962
31.037533222906806
31.0376865654392
31.037533690719364
31.037516338803233
31.037451395955333
31.037406127362374
31.037349980132895
31.037307996431295
31.037353111791074
31.0372726985456
31.036948135435722
31.03684544523105
31.03700353934795
31.036932290642593
31.036791697109678
31.03681866239517
31.037267479531586
31.037196943694184
31.037303707020193
31.03734633434353
31.037351892669975
31.037474894121036
31.037584962210737
31.03732115224848
31.037284819940187
31.037208851342356
31.037233989350415
31.0373954093728
31.037415196436452
31.03767306868031
31.037441934020134
31.037289820893687
31.037429054597617
31.03754487179977
31.03757705303891
31.037419831790515
31.03764991803643
31.037723125284717
31.03762620121305
31.037598059852897
31.03781838544306
31.03780873223116
31.037899499578664
31.03772579635143
31.037491561329208
31.03736231526654
31.03708433927226
31.037141349396137
31.0370070984102
31.03676991182951
31.03684434510928
31.03696553835689
31.03702392206519
31.03715456863997
31.03701500637586
31.03713403602423
31.037156018124872
31.037161956350275
31.037014271639055
31.036933931619576
31.036732055733683
31.036767749626442
31.03651184461901
31.036548996900848
31.036452232357004
31.03625747960216
31.036099459132313
31.0361132532606
31.036080915567954
31.03591303434795
31.035912190949325
31.03562056322175
31.035773381845154
31.035854021119057
31.03539573749103
31.035230210933
31.035098019816665
31.035099474314496
31.034914851448146
31.034553522270116
31.03482115361202
31.034717196476855
31.034555821356314
31.034522997776463
31.0343460984486
31.034209888559676
31.034234219922105
31.03400760648231
31.033964293068806
31.033924106867502
31.033797046736872
31.033732744571317
31.033679060190043
31.033775121222504
31.033491256518857
31.03348160710997
31.033206128094378
31.03321060631028
31.03303137409043
31.0331330931208
31.033014300704732
31.032763986023497
31.032654771974002
31.032406298453964
31.03215204971701
31.031942379772538
31.031994387922698
31.032041504129197
31.03206006282006
31.032112001061456
31.03220754050834
31.03188287210991
31.031880549788625
31.03163131340365
31.0314757703409
31.031408172676866
31.03149452556768
31.031421871696313
31.031668073469607
31.031533455427073
31.03143825789831
31.031686483401344
31.03153165640442
31.03127870518513
31.031359538236963
31.031704454971972
31.03147618094132
31.031304362727283
31.031459997458963
31.031281331372593
31.030975822106598
31.030944812172777
31.030757682585897
31.03056632118879
31.030365526185193
31.030261556386655
31.030382801738075
31.03018367522668
31.030106020875472
31.02984552795207
31.029595154435366
31.029600690727367
31.029448054915413
31.029548182067053
31.02945350986756
31.02930569058075
31.029297650154394
31.029127647733596
31.029129199494236
31.029096118473035
31.02902986736701
31.028985944136764
31.028971003855162
31.028808790146908
31.02858981519704
31.0286566181799
31.02845208706463
31.028500722241347
31.028496157789807
31.028205248902676
31.028186237644277
31.028399797541248
31.02866713821428
31.02835030044938
31.02824551666856
31.028165653696654
31.028022031960482
31.028026709466133
31.027417094732265
31.027274621421515
31.026503721766613
31.02667772291614
31.026430409191587
31.026537037242377
31.0262743046982
31.026143729222984
31.02596828823417
31.02542949336795
31.025180033189315
31.02496462280719
31.025159439534775
31.02498370518619
31.02497856009189
31.02465846195516
31.02465132886954
31.02468961775823
31.024573698440662
31.024654842656076
31.024800972679458
31.024487925476684
31.024534506497172
31.02449698285701
31.024667015249623
31.024540221222527
31.02436187168297
31.024058287761996
31.024068487885913
31.0239490786022
31.023856186218026
31.023889381651195
31.023979948223218
31.023776962945654
31.023575434276694
31.023620967143447
31.02326454099931
31.02340070353604
31.02331961500643
31.023189665832355
31.023251620123414
31.02297417037889
31.023156132890534
31.02313452352408
31.022957000331182
31.022755279192438
31.022430907996213
31.022453248644787
31.022170350263668
31.022161846682778
31.022000065754707
31.021820817131815
31.021831623993677
31.02164230198688
31.021407217149395
31.020990464852225
31.020812602594063
31.02076855790919
31.020510258033738
31.02003714483386
31.019970631673885
31.01975351441194
31.019479487078087
31.019595455712867
31.01935540400366
31.01932916950789
31.019121749502748
31.019234087166133
31.019043579631326
31.01913730892223
31.01881429220184
31.0187759445148
31.01833802784103
31.018117266247632
31.017984828935845
31.01784847310114
31.017728840840913
31.017533748441476
31.01767963871593
31.01749868711655
31.017263838961536
31.01690565041071
31.016917663360523
31.016957800929966
31.01658907524143
31.016300983137683
31.01629680875091
31.01619719510449
31.016007835786837
31.01590991679286
31.01572837159575
31.015444889968457
31.015157979886293
31.014992094584773
31.014876189335997
31.014720168658442
31.014562887751843
31.014144025719656
31.014027746168082
31.013677963219685
31.01379872835973
31.013610011474487
31.01335051233005
31.013015938780928
31.012763404481515
31.0124514030594
31.01248990974738
31.012340377368943
31.012175113576586
31.01187607482617
31.011660002980605
31.011495552305462
31.011347010976486
31.011314345425866
31.01082936728979
31.01088497477064
31.01075850422029
31.010717347858453
31.01057685005252
31.010160042956052
31.0101097916564
31.010112530505314
31.009891040911857
31.009511915379996
31.00937247058195
31.009132970337696
31.009015252628693
31.009000649950686
31.008850908270134
31.008615409211153
31.008443573970446
31.008043621864545
31.008185590127837
31.007932757817656
31.00791373697763
31.00772055501234
31.007613147278278
31.007427059085675
31.00744856926401
31.007111159925678
31.00694463666059
31.006797929858475
31.006449691695156
31.006504201766916
31.006565034180053
31.006752352222474
31.006428916740752
31.00643955909817
31.00642561640484
31.00607641379223
31.006115290046807
31.00570794351249
31.0055046363463
31.005348430552854
31.00522569230705
31.005106712271044
31.004951657115875
31.004800751135466
31.004669229556598
31.00458480234685
31.004641338652373
31.004585112808414
31.004399869036195
31.00422421750615
31.00428103844292
31.004253610682863
31.004231179536
31.00412130727031
31.003764649990945
31.003589966896744
31.00341220501558
31.002906452898298
31.00286566798399
31.002534994680865
31.002491153305286
31.002004786054968
31.001753604541264
31.001418497991015
31.00126547802916
31.00119294044511
31.00102710553714
31.001072448648877
31.001069134319383
31.00081657362083
31.000470289240774
31.000430966272795
31.00010773123676
31.00003993910883
31.000059007121642
30.9998930665059
30.999752600042445
30.99922195954653
30.999055638028487
30.99873310863312
30.99883041252609
30.99882590293403
30.998868390516513
30.998653226187194
30.998493164850128
30.998307563829727
30.99847602989659
30.99836045288658
30.998337392049002
30.998436919189633
30.99841757176465
30.99824950750154
30.998782358264158
30.998811504083843
30.99886212821677
30.99872076217034
30.998841552147304
30.998955340033724
30.999057687714824
30.999035409127966
30.999027907504562
30.99901939691467
30.99918344598531
30.99922632144104
30.999052007827594
30.99897116210823
30.99903999999986
30.998846303979416
30.998595353667433
30.998638266127628
30.99867574900847
30.99868502346476
30.998771417987765
30.998958238363517
30.99897334613617
30.99891742789098
30.99891033274233
30.998658812338128
30.99870672918796
30.998284069000608
30.99830706018933
30.997942078367338
30.998059499863437
30.99794322592188
30.998203524584184
30.99804968771366
30.99792341964453
30.99771361612714
30.99769983608808
30.997481771324793
30.997296533222375
30.997055515933415
30.99715310577342
30.997046251000814
30.996816000211624
30.99696983674758
30.996635427241827
30.99669940215137
30.99642768817263
30.996197624395027
30.99586144091226
30.995863051633524
30.995854357716787
30.995702861280336
30.9956957731092
30.995100624072442
30.99519145359686
30.99496671266701
30.994928004481594
30.994970227585416
30.994873265090824
30.994695527995297
30.994706815206243
30.994660581749752
30.9947013998978
30.994751290087677
30.99462813219382
30.99453315908773
30.994510397269302
30.99460366443825
30.994423232156933
30.994501641916642
30.99428142374058
30.994301927397807
30.994134684748165
30.993952211828848
30.99401885149204
30.99371814372128
30.993982730346545
30.993942089921838
30.994020195241255
30.993934126499095
30.993605600258107
30.993259750213245
30.993249175822235
30.993365099840812
30.99301767381943
30.993031364468592
30.992753824872374
30.99226792362165
30.992458609229722
30.9924006817014
30.99265777998224
30.992911497582014
30.992760207553065
30.992762107231933
30.99272239698264
30.992766343071377
30.99287239492575
30.992775218768116
30.99284641301437
30.992896359423145
30.99235179062739
30.992436016798983
30.992266545216502
30.99217266944133
30.991876366427423
30.991787101656293
30.991713210376748
30.99146093297897
30.99145168813394
30.991375625636486
30.991243690376365
30.99131983688539
30.990975515324152
30.99090159750321
30.990640799494912
30.990492259047922
30.990400755929173
30.990237054777296
30.990068300807643
30.98980054903206
30.989827505111144
30.989755378835007
30.989809450751366
30.98982691783351
30.9897126027277
30.98947703220218
30.989179283921693
30.98913455710672
30.98895293586738
30.988800717683183
30.98855458836161
30.988249831847842
30.988206961983266
30.98800734639393
30.9876969522198
30.987389012451892
30.987141440751973
30.98685662910285
30.986525672753476
30.98652132056218
30.98618467015384
30.985864109227315
30.985692974558333
30.98527331701744
30.984912332896506
30.98440463681575
30.984074826421114
30.98385726362308
30.9835060308427
30.98334507315121
30.983054367834008
30.982786051331964
30.982497927556153
30.98220155012024
30.98182244058117
30.981558112955668
30.981221193823373
30.980808642559424
30.980459863362917
30.98020562658232
30.980089905418225
30.979755569155554
30.979771968294322
30.97942278731535
30.979435471231703
30.979291124540747
30.979059579895765
30.978810871124143
30.978872595971527
30.978966376363797
30.97877760050273
30.97877426635057
30.978645470615866
30.97823856366819
30.97809764912887
30.977924449405712
30.977631300914013
30.97738995950983
30.97717936346239
30.977303701649326
30.976808324026447
30.976794157190266
30.97634180025345
30.97638160559912
30.97608793370647
30.975604143047125
30.975575622527277
30.97554519511544
30.975306457198872
30.97533516885065
30.975230104345712
30.974941874888636
30.974650710363157
30.9745120023041
30.97415121303073
30.974215635589054
30.973660319080146
30.97353586325955
30.973375363048863
30.97310245282501
30.972953338913367
30.972716941553585
30.972634863029004
30.972436610361914
30.972379363488546
30.97232584628696
30.972103049624184
30.97184153004148
30.971743982033306
30.97176372498563
30.97197608159279
30.971859629013952
30.97194003142515
30.971754073506034
30.97182065041919
30.97141050775579
30.971411417880994
30.971512017394897
30.97129778493973
30.971167801912955
30.971431789565294
30.970862382397858
30.970951348659923
30.970707814690623
30.970677179037054
30.97073946256178
30.97082616019256
30.97072763471051
30.970759029960032
30.97071001342522
30.97079703817974
30.97078371149712
30.970642645072886
30.970699283805267
30.970643842411953
30.970616002197765
30.970354972220633
30.970296509311574
30.970351816210744
30.97050424841193
30.9702440859878
30.97027192393769
30.969829255659306
30.969781024592066
30.969554472179965
30.969342121152437
30.96921132267038
30.96917444321123
30.969138098664956
30.968818137064275
30.96885288810185
30.968409166366165
30.968156161613752
30.967958688958205
30.967697883648523
30.967656284333366
30.967223478515685
30.967146313124985
30.96693035228074
30.966722718385586
30.96649843503179
30.966118155848523
30.96603689101584
30.965631437928067
30.965776342585958
30.96548976354026
30.96545998151546
30.96525484972858
30.96520082355585
30.964996824624265
30.964740098131923
30.964444860435197
30.964495550129634
30.96451696367302
30.96466904366749
30.964778225964224
30.964804349778294
30.964740511128255
30.964837123951874
30.96465894821214
30.964405615394508
30.964547163432886
30.964608611485257
30.964718320584815
30.96475667240008
30.964625603492703
30.964437527827542
30.96430739755025
30.964140035470862
30.964183953959903
30.963666166465543
30.963911053445827
30.9636528667032
30.9636643069627
30.963446414475037
30.963108884860002
30.962773254398392
30.96240367936865
30.962355248893388
30.962090766440046
30.962059060537825
30.961739259410493
30.96177137789514
30.96158258584264
30.96143720247349
30.961516417253392
30.961500800525123
30.961305094673325
30.96118524349091
30.961490702116073
30.96132381435286
30.961276434969758
30.961239973535626
30.960876146241198
30.960848858855684
30.960511909662863
30.960648184677876
30.96046784629308
30.960267820008923
30.9604034255285
30.960061404101474
30.959791983301216
30.959676382648805
30.959399765911666
30.959311487828423
30.959153813394956
30.958923609660985
30.959017834181907
30.95885552303377
30.958840533730374
30.958434395302646
30.958554477915676
30.958470901111298
30.958443535040793
30.958166290411512
30.958023648776333
30.95825611346157
30.958165931636184
30.958322221273132
30.958319477329923
30.958335334306582
30.958512614114927
30.958487199284267
30.958368546007687
30.95833204440158
30.958332577381043
30.95826362002674
30.958344294110923
30.95792498810489
30.95793250083684
30.957508513314487
30.95735904730274
30.956882728483805
30.95683163749985
30.95687660119845
30.9566800354003
30.956483799655338
30.956405995071705
30.95624961953462
30.956199108522743
30.955975333410922
30.955730828262595
30.955435332706948
30.95517368031244
30.954925256016494
30.954711433481094
30.954387717777024
30.954054652657923
30.95387862370415
30.953848706013993
30.953437521332212
30.953231069998722
30.953055613160316
30.952838965062863
30.952822725009526
30.952518680431538
30.952253654760863
30.9519730052141
30.951485679275873
30.951609647533566
30.951113326180398
30.950937521877254
30.950749763954214
30.95036173881466
30.950360146488226
30.95014379416699
30.94998715978822
30.949728047178183
30.94973293599299
30.949464218830126
30.94931243489187
30.948773952915825
30.948733415576086
30.948491028005584
30.94842932185958
30.948035511111552
30.947875674455034
30.94776960440466
30.947246411042816
30.94704398724214
30.94672162437259
30.946566041565525
30.946371485536194
30.94575196518165
30.94540972388694
30.945247323374858
30.944835648083412
30.944425101143036
30.943931361760242
30.943541764046874
30.943266753441563
30.942831776389852
30.942462390482163
30.94221782508626
30.941704314738526
30.941666482128433
30.94103501598572
30.940726044580327
30.94040000872381
30.940320930475327
30.940081898210842
30.939999736930343
30.939666059568903
30.939358302694018
30.939132766168456
30.93873224019263
30.93839014235547
30.938009340730236
30.93775300991263
30.937697874200133
30.937189813994745
30.9368198546954
30.936392847906603
30.935865213107903
30.935842137918122
30.935944782812147
30.935767859197128
30.93569037154651
30.935536311783878
30.935568789617523
30.935195348255032
30.935031805525405
30.934793552611005
30.934915260944557
30.93465429331472
30.934529553645138
30.934389980089673
30.934270326620677
30.934299576514462
30.93418289879412
30.93409651271797
30.933999250676642
30.9335860558952
30.9335335632942
30.9333214865508
30.933173392614286
30.933185445792297
30.933129326519516
30.932940532501227
30.932621781722748
30.932598052671167
30.932621099380953
30.932428742383387
30.932328690989376
30.93237461920763
30.932124943552616
30.932186810848187
30.93207912013133
30.932120788520884
30.932185775511112
30.93200934413067
30.931763012759745
30.931534997663405
30.931593269048527
30.931033854391302
30.930883132184157
30.930562004580718
30.930303931417725
30.930015272279032
30.93001756730402
30.929774735028058
30.92973720476373
30.929435487950858
30.92937269162389
30.929262227738583
30.929158126814418
30.929099743818185
30.928926493731346
30.92872899883508
30.928451607218864
30.92845358323379
30.928340812473664
30.928568002666598
30.928581695305223
30.928301403630257
30.928178764591333
30.928229213078172
30.928119530723833
30.927968864746514
30.927744815618645
30.927456564640906
30.927589498504116
30.92763693906032
30.927546546582118
30.92752365457708
30.92782454401118
30.92753340122505
30.927627122711314
30.927401555255702
30.92727177961229
30.927130124911237
30.927118753098227
30.926898400035185
30.926578403675084
30.92658867351952
30.92647460754965
30.926518110351687
30.92637582776942
30.925969866581898
30.925973267750887
30.925759095302773
30.925619191290018
30.925385651701628
30.925254515868428
30.92520553195289
30.925016807268292
30.92495294177067
30.924657685578673
30.92452971424389
30.924396225110925
30.924282841134673
30.924159880032448
30.92397457887504
30.923768129170753
30.92369712736935
30.92351274759139
30.923104558810046
30.922871914268022
30.922802248215234
30.922524705093423
30.9223704618016
30.92220213789606
30.921934737554842
30.921945679641535
30.92152050916441
30.921549297645242
30.92127055924958
30.921065051345234
30.92054346643655
30.92028135027174
30.919972769460067
30.919769668201525
30.91997770550332
30.919490581633706
30.91919919484958
30.91915467423498
30.91908310974449
30.918744557778354
30.9184296954006
30.91814568000803
30.918057171337754
30.917824892065028
30.91740856835342
30.917213424041528
30.91727223969301
30.916766500211097
30.91667175248745
30.916388830121697
30.916410748112284
30.916115233714685
30.916032607323494
30.915879738810084
30.915913707333228
30.916246052636133
30.915988645950023
30.915968706422724
30.9157395419833
30.915511156229904
30.915675153544452
30.91523753107043
30.914839593155442
30.91495602770301
30.91463834955983
30.914545921804446
30.91460123505439
30.914666735017605
30.914444798322386
30.9142967778908
30.914399377326696
30.914253238276295
30.91453033888513
30.914273825957356
30.914286004231073
30.914375262730974
30.91430543659883
30.91441267380319
30.914475817281467
30.914569981367613
30.91467181952686
30.91451550185856
30.91456743707097
30.914400105672932
30.914442430895587
30.914485046867902
30.914131849363603
30.914009836348338
30.913859877557208
30.913912773737643
30.9137780421583
30.913944744513255
30.913957561170324
30.91372371936961
30.9139795229367
30.913624252961704
30.913804552783148
30.913689392508864
30.913610663918387
30.913771991675215
30.913645896843672
30.91367461114838
30.913672548415366
30.913585820325192
30.913444947342676
30.91341581044095
30.913003110359938
30.912803810706833
30.912569126198957
30.91222332905657
30.911850668651013
30.911745590948474
30.911603769287993
30.911448012373345
30.91128878567276
30.910941605546842
30.91073600120363
30.910458338972965
30.91028057450766
30.909998022206047
30.90968428981666
30.90967813580491
30.909469640307847
30.909130604443153
30.90868369953987
30.908362509034646
30.90806764161207
30.907646209403126
30.907322085466728
30.906749493062662
30.906452538455355
30.906022701661215
30.905715559596516
30.905447095127514
30.905125131421798
30.904730738176433
30.90445018613424
30.904363689412175
30.903894267365377
30.903703341911157
30.903453147548205
30.903123374015003
30.902798601724278
30.902718227071418
30.902215707028795
30.90208853339142
30.901817840199165
30.901546393888832
30.90113456068562
30.90092632375238
30.90060265000489
30.90031026246421
30.899807801301545
30.899825793524375
30.899639055365515
30.899479760234833
30.89909104796768
30.898970471408727
30.898838747811816
30.898685500102108
30.898309780045206
30.898264584964494
30.897979587863205
30.897713654978475
30.897389599160896
30.897004414236655
30.896471664237563
30.896244036412355
30.895776717332964
30.895241908394805
30.895207909652527
30.894637155895776
30.89418756965756
30.894011625965305
30.893440383979684
30.89315939129999
30.892876140321427
30.892747954447156
30.892440657779964
30.892043648786554
30.89192060373267
30.89173904887901
30.891361113454057
30.890958248995695
30.890917959658513
30.890698928515285
30.890391127734294
30.89016332209638
30.889926504655612
30.889631772845107
30.889343342270333
30.888735874472918
30.889054499862894
30.88846836273496
30.888387876546048
30.887816594180634
30.887884549275412
30.887611272894443
30.88751606014739
30.887612431514306
30.88754117556786
30.887871968918724
30.887954351281653
30.888301204147886
30.88857946911789
30.888819165825126
30.888913180056807
30.889418268461046
30.88970214831939
30.8898872707682
30.889997954634076
30.89040480728837
30.89060104348927
30.890534923165593
30.890857090221814
30.891134988471705
30.89105483357178
30.891238525844457
30.891297392953902
30.89167474368102
30.89183895987889
30.89187130157793
30.892468227993906
30.89255396534293
30.89271281467976
30.892916393378364
30.892958550195363
30.8930583914129
30.89324656695798
30.89335021282363
30.893331129148763
30.893582970359773
30.893485558368994
30.89354445416303
30.893516102983014
30.893383849212405
30.893533418874725
30.89326598937899
30.89329254049607
30.893564827541738
30.893413501600044
30.893161457600034
30.893094336890776
30.89310130348177
30.892962151469945
30.892901907955252
30.893014295892407
30.893036052652462
30.893164871208185
30.893021542674646
30.893316681120147
30.893227836877955
30.89297289985499
30.892578711226314
30.89227455128766
30.89209536503775
30.891885856087452
30.891770680938958
30.89160999514633
30.891554686378754
30.891391439957832
30.891278410881988
30.891076999465724
30.8911004789079
30.89078983500471
30.890279762809236
30.89011780278787
30.889696497695983
30.889941248452637
30.889574749353695
30.889442721559153
30.889440294648637
30.88921304776049
30.889047905298366
30.888753921907973
30.88866537935658
30.888292697035507
30.8882087253658
30.88793550903294
30.88776593797695
30.887272828889678
30.88674453007828
30.886341002293754
30.88592022569013
30.88563577138879
30.885442126133906
30.884961619294863
30.884505233506427
30.883991536115456
30.883688550873096
30.883241950808834
30.882855806951113
30.88249630481476
30.882165494100377
30.88182673973786
30.881705054613796
30.881171168947837
30.880936575909125
30.88094503687461
30.88071640373134
30.880581772689784
30.880095804724238
30.879576517175344
30.87924865636221
30.8788961765326
30.87860066155947
30.8780384768137
30.877830202750197
30.87744696819462
30.87715945448162
30.876758859221543
30.876350212646827
30.87614775374037
30.875658184808326
30.87523157645702
30.874910250766966
30.87434267254264
30.87399349036929
30.873615595877606
30.873273385689018
30.87289100595099
30.872510640709564
30.87222468290026
30.871813516988063
30.8714013359361
30.870912380439968
30.87057175631812
30.87001829524574
30.869408575816504
30.86919679842824
30.868594465304696
30.868593371633274
30.868010200512423
30.867872629354927
30.867550552702742
30.867003961273024
30.86663059574978
30.86597604956666
30.86595002621123
30.86574799766643
30.86566308050063
30.865381034790058
30.865121964816254
30.864903665202498
30.864743963198656
30.864400429742624
30.864220504585276
30.86398611886745
30.863641104415322
30.86361480126697
30.863159974031444
30.86295583768349
30.862864914378363
30.862490180822974
30.862351066323008
30.862177021765284
30.862020095390427
30.861846466505796
30.861505917836787
30.86142261510578
30.86105840643192
30.860649559104925
30.86037630062192
30.860284310098763
30.860070612297882
30.859627420313885
30.859519342687697
30.859178954453974
30.859134488431458
30.858584524033645
30.85829517847786
30.858145243861248
30.857493610205143
30.857518372398637
30.85699616066618
30.85681801584213
30.856641340029167
30.85608001973794
30.855663772990454
30.85514607291611
30.85464305442669
30.854179317229146
30.85385838120223
30.853601124928804
30.853317339814833
30.85303773847851
30.85246602811241
30.851958389581284
30.851525826898197
30.850963100041767
30.85051165327467
30.849478038041504
30.84901257222586
30.848711598951652
30.848183558552826
30.84775551003468
30.847282190728386
30.846717395089584
30.846361855706014
30.845890451135304
30.845936273886018
30.845630911864966
30.845080084218054
30.844779647717317
30.844415163606065
30.844186274895392
30.84405507964592
30.843667617489974
30.843553091926104
30.84297539511903
30.842967407845098
30.84250566450669
30.84240577599771
30.84203581941943
30.84195907687416
30.841751215188694
30.84146266492574
30.841335930233477
30.84093631266085
30.840614688184775
30.83999521381466
30.83990031724482
30.839659176840513
30.839491076550672
30.839364561356454
30.83904953521528
30.83871788849518
30.838443821544104
30.838063226040916
30.8381866705739
30.83794336957358
30.83780209652717
30.837469565684383
30.83724767181648
30.83717903863837
30.837183025847104
30.83705820078919
30.836953271257485
30.83651739317633
30.83612173115862
30.835702475138437
30.835421526928762
30.834863072289398
30.834625272954547
30.834438485316724
30.83415010777071
30.833731487624103
30.8332104574106
30.832901139939235
30.832699995052337
30.832314613949976
30.831840009826085
30.831583955372885
30.83134248021554
30.831222553996827
30.830896026871102
30.83091052221867
30.830483204900084
30.830274194867208
30.829838694530622
30.829613562037036
30.829531173845112
30.829285297474257
30.828843439045443
30.828657034726767
30.828487824623547
30.82833876037951
30.828223875158635
30.828245239210794
30.82781115718296
30.827419442843468
30.827297010700256
30.826933971936885
30.826712949058347
30.826330408566317
30.82620010339561
30.826092422279316
30.826034514709008
30.82548260081502
30.8255647455205
30.825263968552044
30.825536215583007
30.824852584198247
30.824955302494573
30.824839259667005
30.824472099453224
30.82468512320402
30.82437808292536
30.82435279315837
30.824096756954205
30.823848066098577
30.82397003291217
30.823797314410356
30.823671621165722
30.823538715235
30.82330510731712
30.823353057681583
30.8232392695292
30.823235025159338
30.823072305163105
30.822895578854084
30.822604001715522
30.82238203263005
30.822333296232912
30.82184080231364
30.821658406131014
30.82165359836049
30.82138746734215
30.821057470191842
30.820679891312246
30.82046714135071
30.82039452943129
30.82007914679622
30.819899227674657
30.820020607862467
30.819831271493566
30.81939262232424
30.81918096635632
30.818849958415463
30.818696143479652
30.81841369966959
30.818299123727286
30.817863436739216
30.81790822317751
30.817816611948455
30.817743796149124
30.817444458501484
30.81728016912194
30.81711510211422
30.81681692260089
30.81644560953766
30.81623970163995
30.816014082604966
30.815683573890883
30.815392678861375
30.81500268546936
30.814701871444008
30.814144371003273
30.814166656467357
30.813917744140298
30.81365329233901
30.813331127022522
30.812773899685453
30.8125514548435
30.812205589179683
30.811933137157723
30.811462123763135
30.811415445826647
30.81124740279386
30.811013576080796
30.810690631540425
30.810647055980297
30.810413798158848
30.81034778316651
30.81001744783144
30.809539751021127
30.809494016640592
30.80889758424215
30.8087991161339
30.808235093767085
30.80796621444394
30.807642306735644
30.807131176420963
30.806849635529005
30.806335199333994
30.80597887857282
30.805466514381628
30.80524632000804
30.805119720597922
30.80459670724273
30.804016899510568
30.803540517681153
30.803069249700567
30.80273150909708
30.802227130707685
30.801763931973774
30.8013068762597
30.801077478321226
30.800511831060557
30.800241581177158
30.79955251005041
30.79926137921965
30.798889803016927
30.79814049988835
30.797906947297207
30.797450850676142
30.797157083571186
30.796617541712887
30.796445104215945
30.796305748435895
30.795885209320105
30.795522297736486
30.7951366539332
30.794552861648384
30.794299546799504
30.793999673368244
30.793488604905185
30.793142760242493
30.792607366953163
30.79244362528516
30.791914945255936
30.791698756366536
30.791324921071244
30.791229504562786
30.790747518655934
30.790495576141957
30.789958060736193
30.78970346746551
30.789431691760548
30.788962845270028
30.788682264275376
30.78839355813507
30.788131942475655
30.78795731622446
30.788026803818443
30.787608377177822
30.78735005786626
30.787408958159666
30.787112360139567
30.786594426795467
30.786390994183613
30.78605196167103
30.78565786649134
30.785518268620123
30.7850640759559
30.78507560827856
30.784712019917507
30.7842336782179
30.78403883866502
30.78379575714902
30.78357866612734
30.78337231182484
30.783074193440505
30.782731921562764
30.782362331227738
30.782150961873526
30.781782247419972
30.781667396398422
30.781293465238004
30.781135308624652
30.780656003298084
30.78035342767766
30.78025161745716
30.779594040377575
30.77917422036574
30.77868650931995
30.77818443987086
30.77774443922026
30.777118516739108
30.77692803249664
30.77632831529256
30.77625723722135
30.775734293641044
30.775669531414774
30.77541923930707
30.775147269292518
30.775038932021594
30.774765459318523
30.774840887365585
30.774642126924068
30.77413608239066
30.773851510036202
30.773431525888604
30.773229843635054
30.77277613421527
30.7721461198185
30.771770526634064
30.771547938237646
30.77114639210208
30.770809458595664
30.770705894411456
30.770486776116407
30.770272104428088
30.770016812958353
30.76950891851782
30.76932838478581
30.768964355884147
30.76884914713355
30.768621062288346
30.768315082773263
30.768019416541655
30.767856812855683
30.76740732735084
30.767097909759258
30.766827716931058
30.766633222839097
30.766362776780156
30.766000890909524
30.765855132683214
30.765633503586027
30.765218527494255
30.7650814381973
30.76460400395691
30.7644222600795
30.763956766421696
30.763738099795557
30.763353596225762
30.762973395010885
30.762732145648535
30.762462511284212
30.761859617440766
30.76159120349477
30.76073013317453
30.760555012556473
30.7602617062121
30.759935990026005
30.75978162877658
30.75950094723039
30.7593373626719
30.75893159600016
30.75873639442267
30.758341754749516
30.75821264650092
30.75788182365589
30.75772333628407
30.757495902322756
30.75734412536327
30.757168802660246
30.757180379687014
30.75690239207114
30.75669577127989
30.756708548353462
30.75665122622423
30.75652068906326
30.75633782587875
30.75631146500056
30.75627960995988
30.75615641914554
30.755764305863963
30.755765808167475
30.75564427372695
30.755321582474
30.75529138015942
30.754983583935353
30.755003197038523
30.75503118111098
30.754669239656618
30.754474784125236
30.75461005775142
30.75415434941342
30.754185448306927
30.75378124979381
30.75374106565355
30.753807211029304
30.753507219472198
30.753509386373324
30.753407521582808
30.75315495420579
30.753000187282797
30.75252696203355
30.752334132716477
30.751713341775098
30.751579051747786
30.751114014165353
30.751118490258378
30.750487270352515
30.750472117280637
30.750460536057375
30.750187934660573
30.749868216155086
30.74943157492738
30.749156278551087
30.748796166111237
30.74846540199687
30.748006123563098
30.747646821729184
30.747384588820807
30.74712246071465
30.74673621117232
30.746133148039043
30.74610368918303
30.74560538934766
30.744947301240934
30.744707569002646
30.744460945387505
30.74403866761564
30.74363793112308
30.74302596513702
30.742918269078878
30.742625979398337
30.74248775423029
30.7420163490568
30.741774296978853
30.74129387579365
30.74086016287167
30.74072192774356
30.740381017801678
30.7400493578466
30.73966190743657
30.739400433230124
30.739217006054904
30.73915814480824
30.73876644575298
30.73854309341356
30.738067917050525
30.737670836993175
30.737448983940745
30.73711638910423
30.73690856875478
30.73660063077325
30.736386081437182
30.736102360480494
30.735832154215935
30.735561899491795
30.735484434839325
30.73535995550637
30.735558171698724
30.735108017811147
30.73489742267079
30.734673370502254
30.734878017217774
30.73488666184758
30.734759261827307
30.73482136950546
30.734531535330362
30.734391588988373
30.734441660291836
30.734444316497846
30.734519153844516
30.73460469426568
30.734534706132003
30.734494215159465
30.734304512928922
30.734174810077146
30.733967340530455
30.733993230478976
30.733627539301168
30.733584481485767
30.733451473542974
30.73317983256039
30.73293430535007
30.73268451053284
30.73261334533051
30.732523683642047
30.732267192418252
30.73223623516912
30.732139434073265
30.73217946282451
30.732007156041178
30.731460189955776
30.731525756068628
30.73084189175411
30.73103468658153
30.7305606978435
30.73046666167283
30.730497330581347
30.73042765736227
30.730652479540865
30.730669737467746
30.730730900676523
30.730660726031232
30.73071714916772
30.730582745433157
30.730531816681932
30.73075426782424
30.730732690131582
30.730545392351654
30.73041253317996
30.730390607868863
30.73006080703418
30.729817310473333
30.729544480392775
30.729506451372608
30.729043693281298
30.72906274482275
30.729024759438225
30.728824388044842
30.728646291677308
30.72833176010329
30.728405593391543
30.728505590774912
30.728316359182863
30.728127716591263
30.727984000735237
30.72793652628508
30.727709121072778
30.727686314587046
30.727500610411003
30.727220876826408
30.726848595232777
30.7267770177377
30.72641092240605
30.72633902361747
30.72620214153899
30.726438976452634
30.726486638565603
30.726292275931787
30.726310411411628
30.725926074668482
30.725673796554066
30.72540689935221
30.72517784676795
30.725040176427832
30.724833595953378
30.72489101494572
30.72448735971394
30.724197998793695
30.72419033196507
30.72405606221681
30.723642507622856
30.723111469506385
30.722860605595187
30.722476095061246
30.721907501016684
30.721660434516203
30.72125849205445
30.72066860703931
30.720389385768023
30.720164793181706
30.71997076911221
30.719800327894834
30.71925008600782
30.71908978982815
30.718488988783747
30.718482917246508
30.71804336793942
30.717790314255883
30.71734439056719
30.71691514674724
30.71689976824888
30.716539619243992
30.716107363343525
30.715637489144996
30.715302043502312
30.714804788015392
30.71477039247104
30.714562131042918
30.714206591476312
30.713636602613114
30.71368929629006
30.71355021507778
30.713317806138516
30.713216333094046
30.71310744468839
30.712842270947853
30.712288118895103
30.712137414823424
30.71182410424578
30.711491303786783
30.711269919065334
30.710759898544772
30.71054605387915
30.71024010150285
30.710247773765285
30.70999170639684
30.70969273770473
30.70938661738157
30.70902409805749
30.70892610759495
30.708388336611613
30.70824588193448
30.70776622833208
30.70764734970926
30.70715100142985
30.70683246285588
30.70662834560364
30.706252321327938
30.705767686465208
30.705416634241413
30.705076863228303
30.704792469477514
30.704332530425788
30.704111860647153
30.703554883079896
30.703215913642744
30.702742845167002
30.702179572782192
30.70181453805571
30.70147434340946
30.70071457272585
30.700621406678124
30.70028438780333
30.700117382470452
30.699579328503248
30.69918237934668
30.69906544422122
30.698482504690606
30.698246349566514
30.698062209828414
30.697757568584905
30.697220464986977
30.69689874017392
30.69657832604402
30.695943887350424
30.69565004859315
30.695482135812604
30.69525614991057
30.69493353952689
30.694631474637045
30.694236493238343
30.69382631000447
30.693217903154334
30.69267657511933
30.692054230895273
30.691387792740418
30.691332387355818
30.690799025996704
30.690392078894646
30.689844210503505
30.689299105463665
30.688749412846136
30.687958373998438
30.687460771569643
30.686933942710056
30.686580423500804
30.68603093989818
30.68567194800732
30.685239100470444
30.684938803803764
30.68448526904032
30.683963767222416
30.68334616814116
30.68303037451354
30.682411712390746
30.682247343071623
30.681746087227594
30.681656491821574
30.681025247690535
30.680811942173424
30.680330137620942
30.680036909604794
30.67947454598471
30.67934692057033
30.678847463541207
30.67846630492781
30.678301915986246
30.67808764149307
30.677702867779068
30.6775658390617
30.677474779988746
30.6773270547325
30.676889594793536
30.67686816346808
30.676456024511353
30.676111554451772
30.675673502026367
30.675458960122526
30.67523079525294
30.67490212751432
30.674605973789394
30.674200346673043
30.673770125944312
30.6731650593508
30.672706085159852
30.672495159553815
30.672132611875615
30.671696033358778
30.67137282763214
30.67086923711255
30.670570832461934
30.670329797297743
30.670055829561758
30.66963163947276
30.6692540792487
30.668988950599747
30.668543543932625
30.668131656726242
30.667640462424277
30.667246874418144
30.66689547443632
30.66658889491364
30.666210968616987
30.665807231473575
30.66558750275105
30.665586222300725
30.665363059763827
30.665195331870333
30.66476170737495
30.664635899193083
30.664147304813657
30.664248343194348
30.663784432987413
30.66365189444069
30.663403002632393
30.663494193442613
30.663379661999237
30.66328877498224
30.663161529814758
30.66292190851703
30.662482358800702
30.662299123755723
30.66223979388447
30.662070305287877
30.66179126156502
30.661492061831503
30.661183594312433
30.660631715444637
30.66076505002875
30.660409080282612
30.660390430600376
30.659892091732836
30.659882882049363
30.659646378612972
30.65934806462147
30.659208359794093
30.658828715358666
30.65874230549096
30.658782250220046
30.65840170467707
30.658493062970216
30.658074729827945
30.657595465011216
30.657506137761615
30.657244611573034
30.65714297059464
30.65704399413828
30.656683744148534
30.656390410954334
30.656164838802084
30.655987457188264
30.655353182919622
30.655183730329114
30.654742196690705
30.654432560425718
30.653978242661193
30.65381799642701
30.653443742625505
30.653260893920997
30.65295394441442
30.652927699795875
30.65248009706647
30.652368391185647
30.652045072672053
30.651849992184886
30.651723089351446
30.651166167681126
30.65062932534633
30.650310046069333
30.649881461550976
30.649458203996677
30.64912761394845
30.64850724786607
30.648227822932522
30.64770471432096
30.647435170610553
30.647040787631585
30.64658750602021
30.646234601927127
30.64562739998721
30.645056377618044
30.644582186076853
30.64418659513408
30.643502598602286
30.643214453368053
30.642312482551812
30.642456503552825
30.641933043739428
30.641683408581546
30.641276023546574
30.641250795022636
30.64094209726704
30.640766484908497
30.640487801784424
30.640806179079824
30.64078588236203
30.640838651168
30.64078882744782
30.64097816420979
30.64098789695233
30.640972007252977
30.641208192280175
30.641274074045878
30.641173489461444
30.641025036555295
30.641321475269283
30.641263313212438
30.64135815361221
30.64154218001327
30.64135000800317
30.64147699346572
30.64120688614573
30.641359557337537
30.641296606739786
30.641424577390517
30.641528633579842
30.641666904806193
30.64160882327887
30.641432736795984
30.641420664703457
30.641551688939845
30.6416711131736
30.641333898538278
30.640912414369495
30.640803255797593
30.64061543515674
30.640384837724124
30.640496284097132
30.64016811346001
30.6400897385225
30.63984301420769
30.639645519668257
30.639223392879494
30.639114430873704
30.63907572740615
30.63915906889068
30.639016372019306
30.638766632459983
30.638708596696596
30.638352198761815
30.638444420247204
30.638241537612846
30.63829964950387
30.63807035544923
30.637882335906763
30.637667815532723
30.637478226895777
30.63729999658011
30.63715074346323
30.63702464203972
30.63689214135842
30.636540967910626
30.636413424644466
30.63620261692872
30.63585368206769
30.63557982162883
30.635134229617677
30.63500109785761
30.634491038965788
30.634247327812236
30.633854045940186
30.633361155294953
30.633034261742054
30.63271699524703
30.632090768826295
30.631805776997176
30.631244512834414
30.630873845854886
30.63040764582236
30.62967278662661
30.629211332445287
30.62872515427598
30.628358390992176
30.627965735211923
30.62746637489946
30.626781810073478
30.626376505627668
30.625927367173773
30.62541038760599
30.62482465066056
30.62400426162673
30.623466032074784
30.62306273091067
30.62252186302696
30.622094406189913
30.6215299870076
30.621024916378424
30.620848302800358
30.62032058681941
30.620113235236033
30.620012150482907
30.619473796782827
30.618857138691595
30.618405837559433
30.61799417254535
30.61783750445301
30.617465153287256
30.617223266337035
30.61707005795089
30.616680406796224
30.61614646178336
30.616048689721204
30.615331796415106
30.6149256691257
30.61399194412726
30.613930460650593
30.61313437509692
30.613180698903157
30.612847520046667
30.612792419035195
30.612461696057718
30.612531055690447
30.61261516689831
30.612559734820763
30.61261115313545
30.612213421887063
30.611949155906792
30.61181186175801
30.6116421066047
30.611788923132465
30.611564211697313
30.611623893556978
30.61181868462107
30.611564851587318
30.61173448982818
30.611510674633145
30.611403168197207
30.611572208859773
30.611213488893053
30.610934150249044
30.611133543673255
30.610944319584775
30.61079091773408
30.61049981537623
30.610458986471055
30.61006998245889
30.609588082059833
30.60920196870733
30.60902022700254
30.608708172687148
30.608747729118594
30.60843055061398
30.608216789065537
30.60798768114207
30.60779099468748
30.607357092424895
30.607006477566898
30.60669130106978
30.606222680745994
30.606260381335556
30.605692240360906
30.605792066946726
30.605460011872193
30.605216313001304
30.60496794477015
30.604644070857532
30.60441824917106
30.60419741127877
30.603846182879835
30.603578778970558
30.603101012980872
30.602847143880638
30.60255863697439
30.602081034163295
30.601698009323787
30.601486465114675
30.601416510213248
30.601206663721015
30.600773765778968
30.60063798655106
30.600133840122492
30.600067522975344
30.599952968111225
30.599902455473902
30.59952091932204
30.599533809289564
30.5993804850994
30.5992169900798
30.59904012053917
30.598954465818803
30.59869211704964
30.59848547849539
30.598503732164094
30.59801718194002
30.59769481283122
30.59730451911989
30.597320252012977
30.596694116619428
30.596590748548024
30.596218542115395
30.595766135992214
30.59536379149202
30.595140006556147
30.59491303870585
30.59453247171239
30.594193449135453
30.593826200864708
30.593848441459507
30.593471805102226
30.592994781782924
30.592819834955215
30.59239474463031
30.592251870342054
30.59185902931063
30.591623558335648
30.591446497573095
30.5911359558256
30.59071804390317
30.590759382648724
30.590458585043873
30.590130720419005
30.589653282822802
30.589377977063947
30.589167124666726
30.588770989210808
30.588500946078913
30.58770382604663
30.587427880727127
30.586934991671406
30.58648610815939
30.585883746854286
30.58563065406689
30.585439787784008
30.584932895650287
30.584986878348932
30.584761502395725
30.584450960543737
30.58395678909548
30.583560249536966
30.583238676929074
30.582676877082683
30.582165971455883
30.58189073365291
30.581237384391578
30.580808276476894
30.58031879493214
30.579850216244786
30.579337741946052
30.578788326895516
30.578563058608403
30.578152824215156
30.5778927449221
30.577736337774304
30.577390475798207
30.577093132250432
30.576629441604204
30.57634009611634
30.57598275296343
30.57572553350804
30.57508912803855
30.574389885977048
30.574039181251283
30.573360327687787
30.573109346915714
30.572716608485997
30.57213744949759
30.571725707943145
30.571317965215744
30.57079601258103
30.570271029135046
30.56985743322677
30.56940259808354
30.569014535635244
30.568438976285265
30.568265391746962
30.567861864233326
30.567919524451483
30.56747543825599
30.567013465028477
30.56668879264584
30.566113775424174
30.565795104152986
30.565615234252576
30.565228812045543
30.564926793206393
30.564699274244596
30.564571219715837
30.563867686910136
30.563458573401306
30.56302047556079
30.562482917687777
30.562148678123506
30.561810369651443
30.561717148526668
30.56132073820724
30.560922314539557
30.560763039266444
30.560371887970014
30.56013579050862
30.559724128781447
30.55934349015879
30.559337093960018
30.558987471987933
30.558881578936195
30.5583311987893
30.55817286622684
30.558031972506605
30.557673844893284
30.557886967785606
30.55763320580713
30.557532778568127
30.557140889183007
30.5568797265271
30.55656670467674
30.556267920632326
30.555892144583222
30.55555400798803
30.555314580245888
30.555284706986193
30.554879451952715
30.554639056489236
30.55403827938918
30.55352783797703
30.552812642487538
30.5519616421401
30.551380299440943
30.551089325151985
30.550717106289923
30.549964997956074
30.54956635781858
30.548882682637363
30.548360267332573
30.54786579661451
30.547348325122172
30.546489565230374
30.54597699051078
30.54541185106134
30.545052539452332
30.54420943228907
30.543774854801402
30.54310582873598
30.54268908844275
30.54200433007585
30.541696257151926
30.54101716391278
30.540307239196064
30.539901126733202
30.539082169296844
30.538619566318403
30.538167067393225
30.537506869337033
30.537485294468574
30.53686326060841
30.536406369902544
30.535913090078886
30.535627107840778
30.53521297715218
30.534643441038845
30.534413956202325
30.534243975878468
30.533984636115292
30.53387591885954
30.53345849258659
30.53326434421702
30.53327768049854
30.533291365608136
30.533095885322478
30.532919279793468
30.53281255579316
30.53258990497018
30.53235545659648
30.532139021863603
30.53190667207799
30.531749075246104
30.531684060671587
30.531363775207293
30.53117464885418
30.53079244126872
30.530700265106393
30.530820490778524
30.53025055757211
30.530415305659318
30.530154570558015
30.529754600202935
30.529426686504443
30.52910305026757
30.528714348238722
30.528504507714516
30.52823498829636
30.527900833772037
30.527426739961243
30.526983534438415
30.526813734856773
30.52660050552522
30.52650146718488
30.526202807053487
30.525815802941068
30.525357035964436
30.52513779621637
30.524927281291866
30.52468264979991
30.524656976668957
30.52404023897899
30.52394987449837
30.523299829875445
30.522951250493957
30.52273300217957
30.522620702159102
30.52215835035701
30.52196249717179
30.521365089106084
30.521284334108497
30.520705365811082
30.520508268809824
30.520322660424828
30.520056364135794
30.520295346079465
30.519959197690977
30.519801525218156
30.519829848944923
30.519453148509704
30.519121806669
30.519170833187413
30.51873722059573
30.518498211072888
30.518045463763034
30.517675447729363
30.51773365404553
30.517320766365327
30.51709975281439
30.516682244667503
30.516572433435535
30.516332227330686
30.515958443985348
30.515920935739373
30.51540076137721
30.51520716510337
30.514898764036605
30.515045735176475
30.515143732648582
30.514707355242713
30.514392033692722
30.513935521386752
30.513545197622886
30.513175817359723
30.512857960545638
30.512709064289588
30.51263994087751
30.51229979016439
30.51221673109845
30.511625787815127
30.511507548892276
30.511409113436258
30.511259944432236
30.510953723303082
30.510699447628337
30.51054276278081
30.51021166451494
30.510022390581707
30.509830371835427
30.509526594838896
30.50937722885816
30.50896765356992
30.508789432147786
30.508302752286134
30.507967743247843
30.507606277015235
30.50734301000851
30.50715893413591
30.506812593284458
30.506408615038062
30.50604609099857
30.505611024781004
30.50508301558427
30.504664520246312
30.50415536850678
30.503880748877258
30.503513096508215
30.503061186972392
30.50290104482716
30.502361593491404
30.50185970738316
30.50142954655881
30.50137589540637
30.500620061492477
30.500025400187955
30.499250840120787
30.498603482172722
30.49830336978173
30.497888315336432
30.49735106996407
30.49684766095875
30.495957474673844
30.495277538588713
30.494796315900004
30.4939806532039
30.493526452799827
30.492541972386782
30.49207451950044
30.491205358881786
30.4907793441898
30.490301956046046
30.489840519638665
30.489259251263157
30.488963448597293
30.488454481894237
30.488139635321218
30.487789017624884
30.48737310282626
30.487092240819138
30.486638519154162
30.486383532332653
30.485838138417108
30.485398053304607
30.48483833402507
30.484499450903723
30.484146686502637
30.48368904300553
30.483606167224554
30.482940573996284
30.482473426108562
30.48209884448337
30.481543869977045
30.48068983654842
30.48031815845405
30.48001383152736
30.479687886010396
30.479337953627518
30.47884261688141
30.478374272964132
30.477620472483565
30.477016368033123
30.476712581513567
30.476224882204576
30.4756899873103
30.475332234493884
30.47450842421144
30.47399259747575
30.473208106843916
30.472648300895187
30.472057009428468
30.471604811393078
30.471329535220114
30.470575626980818
30.47011572310872
30.46963542332768
30.469347026195607
30.469111467822295
30.46892261297126
30.468633567564364
30.468324568872145
30.467926580114217
30.467802744447084
30.467715256355486
30.467835176869013
30.46747282698125
30.467384062776528
30.466778673293756
30.46699670498849
30.46649035369416
30.466397062562084
30.466051974328735
30.466174500885256
30.465849231487173
30.465713282361747
30.46577290548646
30.46569776361066
30.465676818492888
30.465848217700366
30.46556797356066
30.46535101163552
30.465074875852185
30.464936579977
30.464721013342224
30.464631112447883
30.46484705132442
30.464640112372244
30.464510336293543
30.464150218096243
30.463765385706658
30.463719931900318
30.463200094404932
30.462946454627296
30.462805944640607
30.46260500099519
30.46224889352566
30.46225487539562
30.462015873495783
30.461884190920344
30.4613611768832
30.46135159641256
30.461034107536797
30.460925254125684
30.46052960209177
30.4601768965361
30.459797643769434
30.459610417786553
30.45953870716158
30.45930632240603
30.4592064741384
30.458757682973307
30.458534893413436
30.458120008462174
30.457794083649148
30.457568242339615
30.45730987800414
30.45694484556547
30.456214675999203
30.456044822356798
30.45566331579765
30.455310168064102
30.454641456917003
30.454245704275444
30.453671348329575
30.453075623903448
30.45264304107149
30.452069739961793
30.451604664290592
30.451544862206795
30.45146097009123
30.451304551876156
30.450981064570016
30.450773053804966
30.45044229790049
30.4501831674062
30.45017248993296
30.449669511529134
30.44948219286786
30.44887833169618
30.448645076182075
30.448115203397546
30.447843320142862
30.447440160230514
30.44707930052467
30.44678303262831
30.446077341839484
30.445478829854412
30.445080262696568
30.444552514248517
30.44368874922685
30.4432522463718
30.44259939297917
30.4421572858851
30.44160864750136
30.441084957292208
30.440328564995262
30.439781758262356
30.43919443076646
30.438767425970042
30.43828174402377
30.437527329679458
30.437070105398988
30.43653096598859
30.43586262675622
30.435258436448574
30.43490171988507
30.434154487442573
30.433374702808152
30.432655313821762
30.431952942386808
30.431097847123908
30.43034754211339
30.42950976314704
30.42903630642723
30.428478833814427
30.42782094183346
30.42731993143243
30.426794228654067
30.426314628013312
30.425428954278352
30.42500724271642
30.42436766515351
30.42380508286653
30.423117933568097
30.422630787715374
30.421596725765127
30.42110496422362
30.420129495755333
30.419757868248567
30.419016860502325
30.418788211939024
30.41825717770553
30.418039071387316
30.41735176702541
30.41719079134584
30.416968877666882
30.41686039069317
30.416706057500747
30.416611307628312
30.416638909939472
30.416486727784424
30.416641374200445
30.416672720209718
30.416779359158305
30.416768005797948
30.417165771094936
30.417049284725124
30.416912306947992
30.416595276122663
30.416722152039547
30.416873465199096
30.416835455817683
30.416900986871333
30.416860214002494
30.416911908581415
30.417101479044316
30.41692153546866
30.417042230483876
30.41705437287597
30.416752806797657
30.41666847539784
30.41653844946033
30.41644058292722
30.41600224208104
30.416088304312147
30.415531432734277
30.41533613375544
30.41483494942481
30.41451862037047
30.413879575744588
30.413490579536706
30.413158399946806
30.41279059496645
30.412470963289167
30.411982723663016
30.41142736299774
30.411010880601278
30.41079751019479
30.41046009597106
30.41004066622574
30.409646385147838
30.409020222297237
30.409008536574685
30.408971253369742
30.40853853747778
30.408316393373106
30.407818677274463
30.40747013117821
30.407111913295623
30.40678931015396
30.40645767516844
30.40588398132707
30.405731870440114
30.405336259700668
30.404913195411865
30.404373586987145
30.403856923661028
30.403450992456683
30.402612469099097
30.402049498983203
30.401408621040407
30.400677427601494
30.4000793573082
30.39951934146261
30.3991433486963
30.398268719385975
30.39755669511818
30.39705474374259
30.396457482039743
30.395923546774483
30.395380739061608
30.394896837659623
30.394509444876995
30.393650723679777
30.393128329053212
30.392640581805544
30.392440131761248
30.391763663789114
30.391438377479343
30.390590886087704
30.390571846891955
30.390208219139893
30.390170677102553
30.389965372567183
30.389804314170608
30.389864908276294
30.389665894506447
30.389261107951178
30.389182856971768
30.388904838970543
30.388212818931745
30.387937295412012
30.387601031946634
30.387243673708962
30.386893767712394
30.386729439889283
30.38654679537593
30.386148767620522
30.385891443987113
30.38576386031503
30.385162211609696
30.3851022568592
30.384780316460287
30.384845394887865
30.38434635035591
30.384192867188027
30.38369039370884
30.38345183618236
30.383564797201426
30.383018525582038
30.382894523428917
30.382287615742733
30.38191354127498
30.381709042449256
30.3815002461527
30.38109661842224
30.380750606865107
30.380392533502466
30.379955320208204
30.379464878194618
30.37898965936398
30.37823763349006
30.377849089050496
30.3773013403851
30.377045321167564
30.37677399038873
30.3759786204779
30.375747592052225
30.374965603896356
30.374775174852488
30.374553222028503
30.374058791324604
30.373803140748343
30.37350255433982
30.372879482059677
30.372336311877348
30.371760944829962
30.371562998861343
30.371309851373375
30.370429940850183
30.37037349311552
30.369401394642598
30.368813321022902
30.368229338987312
30.367974282072744
30.367165410425983
30.366600896091676
30.366557552122963
30.36617979754387
30.366018536439014
30.365573059075587
30.365122804369776
30.364789512706054
30.36462511371218
30.364433507345566
30.364143242921443
30.36385056710911
30.36369696838372
30.3632563288688
30.362806176265238
30.36275313507428
30.362151287077495
30.362456700477686
30.36212607032859
30.36190255527781
30.361742166377212
30.36162813993218
30.361433461559713
30.361225413043105
30.361086230724258
30.360488621627255
30.36037556338887
30.360165669979438
30.359905237150183
30.359525109650765
30.359080614372477
30.358648736257372
30.35830543564105
30.358012287458543
30.35761898627159
30.357287208951984
30.357132840309426
30.356852306296027
30.356523761234058
30.356305092549402
30.35568868739839
30.35557452973856
30.35500446847906
30.354560423037363
30.353994137335217
30.353589562709487
30.352987647209957
30.352528815942733
30.35229960013149
30.351961919223484
30.351650484148163
30.35135239600928
30.35071844099668
30.350432429958868
30.35006340368891
30.34957501588543
30.349233030665598
30.34880761466696
30.348369630975807
30.348046586913583
30.34741695625184
30.34677844762512
30.34621944948782
30.34560287190239
30.345032357582603
30.34429721677899
30.343687272547545
30.343061575659732
30.34258396586604
30.342160988153456
30.34136390518412
30.340640135229005
30.33990637054794
30.33938173542984
30.338371337028946
30.33778924960245
30.33681376910696
30.33614907035188
30.33557079173031
30.335213108853086
30.3345957270233
30.334081465067065
30.33350390143277
30.332870790239966
30.332558638182483
30.332215309285825
30.331765619185997
30.33143580109316
30.331218483685646
30.33081826037579
30.330194600213105
30.32968638217776
30.329228464185487
30.328851771074238
30.328537399670203
30.327893597769897
30.32770320771917
30.326907124543308
30.326616890021736
30.3260155868048
30.3255174446433
30.32489326867801
30.32449117362216
30.324108535795503
30.323461480796993
30.32291742906198
30.322340121013514
30.32191952719424
30.321252510238786
30.32084294819923
30.319822240145836
30.31972595023554
30.31907463343755
30.318691783493804
30.3182384847964
30.318194130809744
30.317840722374058
30.31751709422226
30.317141206244095
30.316900120082234
30.316833377990655
30.316388173093024
30.316484844967597
30.316496610066114
30.316354805958543
30.31638543530821
30.316360852389096
30.31614564654157
30.3158809978879
30.315824406511986
30.315565994308248
30.31526460179037
30.314881188124467
30.31477372888198
30.31437667289531
30.31440178111197
30.314291063730238
30.314004096510466
30.313842636760796
30.313626159400254
30.313587270903373
30.31336005329333
30.313054384387137
30.312904311871314
30.312484042733686
30.312347517001466
30.311883469449544
30.311648595940937
30.311516314887946
30.311393730937567
30.311167535978583
30.31117548759986
30.310685271077414
30.310671287752914
30.310466049612977
30.31039756529722
30.310039770561804
30.309905921113334
30.30957111354233
30.30926268751213
30.30889235831696
30.308394916169924
30.30809511285536
30.307566355932956
30.30752840368477
30.30690595075486
30.306767246836507
30.306423532778513
30.306049255989112
30.30581087331083
30.30544170563559
30.305373819923645
30.30517223457504
30.30465641511064
30.304498664021786
30.304243417402215
30.304106771160324
30.30361342010332
30.303233899791707
30.302664600599982
30.302264095426814
30.301840315629505
30.3015961746924
30.301207836421344
30.30089054473589
30.30041811551328
30.30022118600046
30.29957997964081
30.299161587303843
30.298657620921187
30.298270688951572
30.29761732174885
30.2970801338492
30.29652941401217
30.295914178483216
30.295316173565325
30.294761991726922
30.294137148314107
30.29344643729353
30.292504882788712
30.29179936573334
30.290858113862363
30.29037008310396
30.289694499997317
30.289003393585062
30.288111756137532
30.287635678522417
30.28673232244273
30.28634523282544
30.285767670632076
30.28505338110672
30.284409742047988
30.28408064662102
30.283348458248728
30.282931235277587
30.2821230569382
30.28190369029708
30.28118507711501
30.280929460089542
30.280322145707043
30.280274651295954
30.27987983652831
30.27951993070163
30.279200539863584
30.27881200130799
30.27859457639682
30.278418671553162
30.278240846341852
30.277667485227195
30.277398402486327
30.277211594364886
30.277063722200598
30.276413319177816
30.276299099741337
30.275622243157162
30.27541284519643
30.274809269440542
30.27444681815419
30.274014270174064
30.273467404642037
30.27315857173741
30.272969979000198
30.2725555270678
30.272240452935563
30.27173273441276
30.271352296921865
30.271044477158355
30.270760232240733
30.270650561191168
30.270218009497782
30.269833314574534
30.269622208274278
30.26934427765977
30.268725971158318
30.268593262050327
30.268284416518377
30.267738171247302
30.267463185962576
30.26705455145763
30.266993859672198
30.26654241492817
30.266249174768163
30.265719307718342
30.26544904465128
30.264897199346375
30.264714122686115
30.26419500617198
30.26390722189239
30.263490449348033
30.263013091751993
30.26269013340101
30.26204113910259
30.26185152009036
30.261436270443586
30.261498813867277
30.260764344638172
30.26076588927609
30.260315694115217
30.2599400260199
30.25939713174623
30.259227816216693
30.258583477346438
30.25826669381609
30.257870025001075
30.257534708004684
30.257243923006097
30.25658674949105
30.25622087812712
30.255404503008553
30.25523786953319
30.254507142396456
30.254222699712564
30.2537625083977
30.25353104015948
30.25318939307683
30.252767560717466
30.252794538452545
30.252472758940616
30.25234493517106
30.252060376111935
30.251827296289818
30.2516782151698
30.251288165841995
30.250851286787817
30.25032001249212
30.249874417260386
30.24962487278524
30.24916190833474
30.24864127918544
30.24842822626828
30.24832825310604
30.247958267536834
30.24754538885366
30.246919519799405
30.24659352676216
30.24627504133975
30.246076503095573
30.245757578091677
30.245557893996082
30.245187205273286
30.24504793207432
30.244856096564966
30.24457681830658
30.244320440655578
30.244142965369335
30.24405344101552
30.24414022599725
30.243925688399322
30.2436895878477
30.243632721697114
30.24314068769257
30.243087162719103
30.242761373066696
30.24232988247733
30.242175152681398
30.241252294178725
30.241212588061778
30.24086594873753
30.24103579061152
30.240784125877514
30.240569633110116
30.240081253146364
30.239956835186025
30.239589126832694
30.23950829095501
30.239576476388457
30.23965191344319
30.23956408821118
30.239525860240896
30.239835960616492
30.239868735492927
30.239913314274908
30.239811130734303
30.239903164091015
30.24018855459957
30.23998242845311
30.24014071970621
30.240095216522644
30.239934152121748
30.23998936253355
30.239819539377578
30.239793886676996
30.239603492033915
30.23927460046188
30.23897419050688
30.23872362761519
30.238598275855438
30.238342689691198
30.23794751279704
30.23753382609791
30.237252654002276
30.236976822613517
30.236462469070315
30.23581104580223
30.23559910011057
30.234922635857483
30.234817080917704
30.234521364990474
30.23465480409761
30.234149976785382
30.23407809888246
30.23367426490307
30.23339195725931
30.232947134599325
30.23265162057769
30.23231071340044
30.231622075028888
30.231437014589133
30.23093875049614
30.230254768194875
30.229544649369284
30.22887088442724
30.228488826977692
30.22788514099009
30.22752603286979
30.227074693298412
30.226245472357736
30.225499031050724
30.224705519818787
30.223791589486176
30.223212307271954
30.22230483813466
30.221662738430382
30.22101042280813
30.220221190735792
30.219707728102033
30.218616511823257
30.21839135591034
30.21732421635196
30.216892009286017
30.216026213786485
30.215813394567643
30.21509714454307
30.214792032619798
30.214356103693692
30.2139521599794
30.213400803730593
30.212660744768385
30.212249120374643
30.21166750780457
30.211231933951588
30.210685085853083
30.209892018881344
30.209516609250908
30.20913025302109
30.208646909354762
30.208189346772286
30.207358273943345
30.206900648951542
30.20642024953493
30.205783340983064
30.205078762635154
30.20447282435812
30.203890118588717
30.20341683981151
30.20258476211066
30.202216554672376
30.201650512783456
30.201464392259112
30.20082403182331
30.200936437987394
30.200508112527565
30.200546568551225
30.200477415138472
30.200407370584816
30.200337645281525
30.199920969648367
30.200285992313525
30.200159515655045
30.20030106763233
30.20035610747393
30.200279756994423
30.20013829711484
30.199594429888045
30.19929065953068
30.199052896119937
30.198317023938944
30.198161497261413
30.19804341585566
30.1973887299037
30.19754362497258
30.19684549168418
30.196691012537418
30.19626708755865
30.195885034580062
30.19553646111452
30.19493254376226
30.194548446862658
30.194179179251854
30.193523017987822
30.192853636176594
30.19242479287773
30.19189306775023
30.191557420188783
30.19112208592782
30.190605810500458
30.190391298987166
30.189663097240576
30.189246544523918
30.188775834230434
30.188515144869715
30.188144493957104
30.18755974147527
30.18717197695468
30.18661785502117
30.186416673927425
30.185758207435608
30.185404530932367
30.1849395327368
30.184540774303446
30.18411812334595
30.183753033533645
30.18348664773636
30.182748003354224
30.1822859193369
30.18166841473309
30.181298501978077
30.180446138331934
30.179797494135506
30.17928580153217
30.178777025473554
30.17822481241047
30.17771245234778
30.177090057936994
30.17660891314987
30.175847872527722
30.175112486382545
30.174241379630004
30.173859690156313
30.173026974113483
30.172246753490914
30.17169307138769
30.170960738260597
30.17004700401464
30.16936478737728
30.16863341596381
30.168479352350882
30.167914019014738
30.167378869545818
30.166857540550602
30.16618351539924
30.165647537451193
30.165053772757012
30.16418549430702
30.164089790573264
30.163375178049098
30.163048587319143
30.16262975049328
30.162436674692714
30.161851706031136
30.16179728700257
30.161321905574823
30.161034875212657
30.160766542503676
30.160622446099733
30.16024795477549
30.160091692357668
30.1594666019531
30.159494647475103
30.158880496770465
30.158588897294525
30.15804472454363
30.15756992755663
30.15718117606606
30.156721146330483
30.15651606313409
30.15613128631241
30.155790000940165
30.155213328563608
30.154888285404773
30.154390853151405
30.15393829507041
30.1532891300416
30.152820979392402
30.1525345200318
30.152095275918178
30.151844088751872
30.15101678126994
30.150608766332738
30.14995529843638
30.149675381835284
30.149200871183865
30.148721655235665
30.148431155767085
30.148126933634998
30.14764393541303
30.147437199927744
30.14752505924121
30.14681461521451
30.146247878282995
30.145860706948397
30.14531124230619
30.14481800230971
30.14428313795653
30.14390647997619
30.143427634225727
30.143001630925195
30.142477575961966
30.141796494542447
30.140963040122287
30.140421141274313
30.1399898792052
30.13936724236754
30.13877718508755
30.13822422318689
30.138026288974356
30.137270265119383
30.136814082011295
30.136335117340145
30.13591406455098
30.135107309546992
30.134734186955544
30.13386427134161
30.133539885955805
30.132828780909982
30.1329889362732
30.132519017871303
30.132585798792757
30.132473311471347
30.13214930112122
30.13198347610521
30.131719982550553
30.131381310557238
30.131166526341623
30.130852509092705
30.13071051592889
30.130590229512304
30.130293048503695
30.130037820272527
30.12980829171566
30.12921263080413
30.128916099718733
30.12866114357849
30.12854331555097
30.128059860300873
30.128259445901207
30.127533518581174
30.1276908348518
30.12721305034248
30.127376385741865
30.127115035811283
30.127190356270592
30.12737937895817
30.127624398483608
30.127964106615718
30.128054434980235
30.128107930938928
30.127972330194797
30.128078380447036
30.128411857349043
30.1284114411437
30.12894872666244
30.12917799055233
30.129448972919512
30.129478605426243
30.12971663006214
30.12982911018846
30.12966461288691
30.129869951134904
30.12961628301792
30.129744355670983
30.129564209159106
30.129588778091225
30.129395164906523
30.12937972158099
30.12920705143898
30.128911743287993
30.128528410576614
30.128247262101265
30.128164851367217
30.12799092265601
30.127867951685236
30.127414221502598
30.127107554127733
30.126694446924077
30.12655818612195
30.126171386242675
30.126020734708106
30.126052589088385
30.125929749392824
30.125785774264035
30.125596786374707
30.1255780322795
30.125145176245056
30.125322589721293
30.125042534494106
30.12479698993701
30.12462476888519
30.12430771129314
30.124180392903888
30.12373066913763
30.123676135352532
30.123130739207085
30.12243821970506
30.121986459569943
30.12159077449873
30.12114013251733
30.12081539112101
30.120536211366545
30.11998097202996
30.11946896055745
30.119078012057876
30.118616884527555
30.118130245412658
30.11732945240388
30.11696115583858
30.11661424317071
30.11612875920925
30.115587037544984
30.115095390220404
30.114268956275254
30.113449486654634
30.112862024609942
30.112195990303412
30.111268482527205
30.110589322237114
30.109461911577625
30.10910394704566
30.108107045320885
30.107766663214555
30.1069914796979
30.106871812361227
30.106595039747095
30.10637037925769
30.106058571151635
30.106192593130793
30.10584667637221
30.106134467141352
30.105914015809173
30.10630920069286
30.106622989079316
30.106878910945763
30.10747098912317
30.10775597654419
30.108492478009325
30.108734928373188
30.109349083465663
30.10984349574595
30.11045666979011
30.111100460174836
30.11149206128012
30.111853505077335
30.112258818594192
30.112596089146958
30.112759082495014
30.113321791792707
30.11362353210076
30.11431217585608
30.114754700831362
30.11510847505875
30.115487091885655
30.11599649670698
30.11634705517602
30.116356883596872
30.116615378910076
30.116652664328587
30.116698570272973
30.116577900485446
30.116768882225735
30.116846242375473
30.116760314480974
30.116664735996284
30.116528109988874
30.116349642536427
30.115955719545447
30.115702629141957
30.115344168903647
30.114914415323497
30.114823056926376
30.114343191456648
30.11425458736013
30.113786008188505
30.11339215226969
30.112914658291015
30.112505361282054
30.112023812491305
30.11153361586707
30.111081951567375
30.11045252085781
30.109994760450913
30.109343638929026
30.108977530304315
30.108445978869106
30.108251873883983
30.107508035412273
30.106949363914026
30.106285860494477
30.105839438536833
30.105415432862166
30.104955707369903
30.104469874280234
30.10394767119735
30.10327269684594
30.1027848133258
30.10230707118657
30.102040868631263
30.101451031712013
30.10098270048843
30.1003999458071
30.09978406344983
30.099038674028627
30.09844287465998
30.09769400835392
30.096900744591967
30.096005122523145
30.09554446052806
30.094976497381012
30.094223080088213
30.09373687553811
30.093011958690653
30.09230286438936
30.091717262972168
30.091180230858726
30.090623465781423
30.09005611415133
30.08918676796519
30.08861798328885
30.087862830241544
30.087356891846785
30.086628030039563
30.086223966023834
30.085453388080893
30.084675185507027
30.08387609928122
30.083409469982524
30.082569163301805
30.082027046941036
30.081075895760993
30.080521185456497
30.079862482102936
30.07919692007927
30.078384686038913
30.0776040038696
30.07703529983017
30.076217472565613
30.075472138453424
30.074754301146204
30.073728692658925
30.072874716657356
30.07216157449956
30.071172372381717
30.070572548045803
30.069830782574734
30.069363848004276
30.068258425525386
30.067582656855855
30.06672173326981
30.066250124971884
30.065353625744034
30.064674768612406
30.06356613587282
30.063132004261632
30.06239088985433
30.061894065815956
30.061194803223277
30.060483047151152
30.059784707498082
30.059243410328783
30.058720386168
30.058197638247513
30.05741135655963
30.056879294749493
30.05634635424622
30.055739484146336
30.0552569484421
30.054533477388578
30.054189026712663
30.05345175885944
30.052842185101625
30.05233971519381
30.051833574939998
30.05111232835094
30.05049260262399
30.049613130395983
30.04904675257479
30.048374174993832
30.04795486180289
30.047167745677395
30.046152113968795
30.045443838685777
30.044844105588968
30.04388064317063
30.043289962607957
30.042799829387942
30.042321214614816
30.041492101697813
30.040944570218244
30.040482979345423
30.039923369692502
30.0392740085217
30.038930880653236
30.038327215177425
30.03767379292792
30.037299694156964
30.03670968338598
30.03626291391415
30.03583313870477
30.03556161317239
30.035038259227626
30.034666243121574
30.034009457364665
30.033342663786375
30.032641242438018
30.032378914451318
30.03190694727234
30.031621624176594
30.031252269281833
30.030982462438722
30.03078270809163
30.03018725617843
30.029631237911833
30.029262323759713
30.028873916308516
30.02832281886115
30.028047872723718
30.027612573289236
30.027505719157787
30.026948247298577
30.026723950336567
30.026251298333126
30.02586992649425
30.025615689625912
30.02496228041666
30.02459951921501
30.02428393110425
30.023808056489113
30.02324740234609
30.023023460330464
30.0223126883475
30.022073603634176
30.021112166481927
30.021055037471672
30.020444883885343
30.01998002414709
30.01958477892227
30.019241297431055
30.019058988584785
30.018652740883567
30.018412380851007
30.01806007268255
30.017806820108596
30.017149035500456
30.017034178347878
30.016103855332137
30.01626961681837
30.015557424408513
30.01561041837812
30.01542456403762
30.015452772289333
30.01541588945228
30.015223540054883
30.015211488639345
30.015174089183027
30.015043571234802
30.014680970880406
30.01458550365397
30.014353406415076
30.014171714964917
30.01401271499434
30.013742193533712
30.013596109736753
30.013386287411933
30.013079425592917
30.012832241594086
30.012677954630284
30.01242986471018
30.012272393978915
30.011545729131033
30.011378959773186
30.010903027027418
30.01058572278258
30.010330205235057
30.009896275465717
30.00931215689889
30.008464767489606
30.007838313684818
30.007513372311003
30.007073393456572
30.006564109854125
30.006127149110533
30.005497341798343
30.004783068548484
30.004490756642397
30.004097275244128
30.003481000008914
30.002896875142522
30.002162830922266
30.001492377686752
30.000670096607127
30.000035370905355
29.99915593198599
29.998833133533772
29.998056767663954
29.998119071281128
29.99761016629971
29.99752107746497
29.99739265143466
29.997282766490997
29.997473579347655
29.997760672017
29.997807261451722
29.99793956607759
29.99778550512005
29.997630169027786
29.997475629164665
29.997247336030938
29.99743346042728
29.997206069023868
29.99681653316342
29.99659952895586
29.996168088424
29.996063889902402
29.99584429800642
29.99566744730783
29.99553950668178
29.995392047142037
29.99509217872733
29.99470232971488
29.994335900006995
29.993835149650398
29.9936247573679
29.992930143822992
29.992605858847845
29.99218404475404
29.991716021060807
29.99132828856723
29.990865761229692
29.99038957310882
29.98994418419037
29.989582371976198
29.989309431435913
29.98887837223199
29.98866432180204
29.988349640813258
29.98791782066747
29.987354053970957
29.986936402738003
29.986247848327583
29.985878564034607
29.985494496723405
29.985021712790815
29.984236321167952
29.98390359251435
29.983345174073783
29.982874689751075
29.981944352956727
29.981772450598005
29.981198368490688
29.98078296011412
29.98038303062024
29.980057775852835
29.97960638139604
29.979221532941075
29.978784708469874
29.978493587155782
29.977886723478417
29.97723664443154
29.977053401107455
29.976217990359547
29.975705773720236
29.97514402026042
29.97454612005476
29.97394325245792
29.97328203142128
29.972672799022547
29.971871569060408
29.97123201959983
29.970577345333954
29.969746406970312
29.96920630565412
29.968957763037395
29.968470927956382
29.968032318794343
29.967370264667807
29.96672301277936
29.966489811927858
29.965749784451248
29.965024051110774
29.964461439020383
29.963740475721504
29.96297955099913
29.962164270589213
29.961242852857488
29.96039673699784
29.95990352035307
29.958968014446064
29.958355764055256
29.957730901261613
29.957193472799354
29.956485815277496
29.955873204857376
29.954945756896265
29.954280642016382
29.953477596386566
29.953087573076743
29.951922341559975
29.951449648147523
29.950622771048483
29.950440618389603
29.94980620820137
29.949691792712606
29.94946672420875
29.948891425281975
29.94866098834338
29.948139363347263
29.94808852129985
29.947774333247903
29.947532744667335
29.94687812237068
29.946656728301893
29.946448826124122
29.94583712668937
29.9453876792948
29.94502487660131
29.944731269770482
29.94426567345181
29.943863251475285
29.94315689978429
29.94263690707085
29.94207614132217
29.941531817960964
29.94132449028095
29.941002445854764
29.940554164054408
29.939962920046273
29.9398264027868
29.939381926020342
29.93932968582747
29.938705612706386
29.938450653272014
29.937777143950825
29.937669971669806
29.937697154347653
29.937677974429413
29.937394576568032
29.937038547842935
29.936863338163924
29.93673669995958
29.936224780808764
29.9356369097907
29.93544406306974
29.934884641518728
29.934365405134447
29.93374785061868
29.933463895151718
29.93275209024631
29.932635469990814
29.932018261861515
29.93192460204307
29.931339675639514
29.930892221160992
29.930394400104653
29.9297993700802
29.92932422216264
29.92870759012771
29.928178844388583
29.92765607822143
29.927086550596243
29.926655362876215
29.925847558806883
29.925267988091313
29.92438805541716
29.923667128594012
29.922894091077367
29.921992582405224
29.9209356826089
29.920281054542265
29.919357759628504
29.918598876624173
29.917883703126424
29.917046960374243
29.916327458294482
29.915426368462043
29.91482946419844
29.91431229863071
29.91352344967863
29.91288707726008
29.912253942735934
29.911668553758233
29.910942621458933
29.910303467184555
29.909559654643495
29.908746180373512
29.90801585536541
29.90758162942718
29.90677179138299
29.905876615128776
29.90511421972615
29.904479715559134
29.903611980602065
29.90323185768265
29.902245702251562
29.901772361147767
29.901294412962514
29.900726290148206
29.899993007177752
29.899481809801163
29.899035441468747
29.898391747360044
29.898125931240305
29.89763347687274
29.897128355133145
29.896562338557715
29.896076058818174
29.8950941763272
29.894874543450367
29.894006566391557
29.89413916280853
29.893348392991346
29.89343775910801
29.893126998688885
29.892846069575466
29.892937003978815
29.892851309295455
29.892912324882296
29.893063117649874
29.89315624173717
29.893290058767192
29.89344870826692
29.89361454611541
29.893661767371462
29.893713993088742
29.89378765286492
29.89367617226653
29.89367294097411
29.893534304558905
29.893371776916844
29.893379189460518
29.893505971767233
29.89368759675173
29.893550515775523
29.893518167552866
29.8933441453274
29.893110021756474
29.892821509098695
29.892661415255844
29.892405645639197
29.892060566902025
29.8917932777791
29.891745002472184
29.891712609070908
29.891351761756162
29.890856029024558
29.890370009023115
29.890249229925608
29.889631292209245
29.889243906110593
29.88896071723105
29.888586488380746
29.888382111919842
29.887824755395833
29.88766491867785
29.887469430285257
29.887395395142967
29.88689069523671
29.886552788428553
29.886352641252692
29.88598219439428
29.88579426948514
29.88527570989325
29.88500584894436
29.884796543507115
29.88406364383362
29.883932362794337
29.8834439691179
29.883333605176805
29.882937240377885
29.88305343433986
29.882789674665432
29.88297817453737
29.882887576542196
29.883083198132123
29.883037778562898
29.883020775271373
29.883232809319384
29.88340364295421
29.883754889018583
29.8838351761251
29.884110803844138
29.884166095175942
29.884335148925203
29.884194209139
29.88408391000327
29.883815506904817
29.883685815580428
29.88356997925947
29.88302917764233
29.882894535329108
29.88250800531884
29.882543370730772
29.882076629968275
29.882386336919534
29.882380119622756
29.88202501182662
29.88212520906178
29.881446298699426
29.88111680078026
29.88070004952686
29.88058231103217
29.880113668129148
29.879838903984872
29.879450401174115
29.87890948408475
29.878479959546503
29.877728029204548
29.877227166528165
29.876607723831295
29.87611043851578
29.875727220453424
29.87516397861785
29.875033523040564
29.87441046692254
29.873357161470228
29.872936929642687
29.872085909310705
29.871468666590747
29.870292149380422
29.869633910298262
29.86853087231912
29.86776783218437
29.867028791950187
29.866439118391128
29.86563873584633
29.86503483535146
29.864587517421928
29.863886274946623
29.863373868359503
29.862805519881665
29.862387663165254
29.861509642079497
29.860816236068967
29.860094132096656
29.85966930502874
29.858757649492137
29.858057356212356
29.857293343167065
29.856476711615567
29.855833850970093
29.85485617786669
29.854077524493885
29.8533076900436
29.852491047863026
29.851908897560634
29.851177906143825
29.85056690075475
29.850141456241857
29.849089353003468
29.848644460640553
29.847673610880765
29.84704069614463
29.84604832146312
29.845366652601328
29.844877805937816
29.844284606124035
29.84372580317057
29.84326102256388
29.842772538717867
29.84247052942193
29.842122502471426
29.841598196558277
29.841228211190405
29.84095673622602
29.840257415048438
29.839906615829225
29.839497617370597
29.838845555699805
29.838231281494558
29.837485497083915
29.836845494211737
29.836693626484493
29.83569805609049
29.83503823598796
29.83385882007387
29.83355627755037
29.83262526471986
29.832247280571504
29.83148581189216
29.831484308049877
29.831014924690148
29.830813265626354
29.83037041867736
29.830098223715975
29.829833887515846
29.829398991002
29.82926974170164
29.82871004877392
29.828828896015498
29.82805779227814
29.827995269274126
29.82741131639763
29.826950006905918
29.82676511410341
29.82654540193556
29.826421534514054
29.826230478718077
29.825929921071634
29.825624776314307
29.825219672108663
29.824850300091835
29.824534627557018
29.8240964174871
29.823698987927703
29.823218637705473
29.8225665767586
29.822130843958735
29.821837451340333
29.821684271611133
29.821097001470378
29.82080834796679
29.820766752892016
29.8202510740105
29.82028544121389
29.819914272092603
29.819723997844697
29.81926330377565
29.81914157418756
29.818760599966083
29.81857835684975
29.818091068223325
29.81789540918703
29.817612936432187
29.816992196276605
29.817001933263864
29.816944654484764
29.816747658230703
29.81630819926139
29.81605785673741
29.81587531954719
29.81579207969112
29.815595124281813
29.815344697727735
29.814895494514143
29.814449594876677
29.81429419818145
29.813787140612853
29.813510821544746
29.813168062665905
29.812782001430875
29.81231704062055
29.811675165598636
29.811116484441854
29.810813652880594
29.81005096285438
29.809733968919062
29.809104906476257
29.80862440801865
29.808170567439237
29.807552335861875
29.8069762327081
29.806365343895735
29.805679426665883
29.805072805394424
29.804324149312414
29.803470412775745
29.802658645110547
29.80211637162853
29.801731749220938
29.801110579153978
29.80056743271836
29.799683189483673
29.799211753335364
29.79869678477348
29.798453698013972
29.79770324291552
29.797224901335568
29.79634944597176
29.795800671001853
29.794951480735897
29.79434998500569
29.793425302238454
29.79269737968545
29.7917146422208
29.791068184475684
29.790555486320976
29.789894147450696
29.789266150519666
29.78857601029076
29.78815406649862
29.78750425902954
29.786849126552344
29.786009980127236
29.78529139816999
29.78456782416074
29.783871212984142
29.783715658842247
29.78330288215627
29.782982260732183
29.782857508555928
29.782440269045075
29.782194135831098
29.781773296892958
29.78166120622989
29.781410248263605
29.781076563357608
29.78082488950517
29.78033222179576
29.779964908688203
29.77919352747889
29.778569164500883
29.778244149513903
29.77757902621083
29.77732366622358
29.776856964569095
29.77624068029958
29.775623396925152
29.775206587731773
29.774524900620385
29.774229972085855
29.77361458879908
29.773284268003604
29.77280545266012
29.772160711940927
29.771868566855876
29.771472592409687
29.77122147572533
29.77105282213489
29.77076093868639
29.77037631763586
29.769707472104834
29.76942056247418
29.768994252597093
29.768455239273344
29.76812631591891
29.767585030069196
29.767081675297057
29.76643565394729
29.76627917778927
29.76562177169972
29.765039851661427
29.764546173490295
29.76418766613419
29.763331434201348
29.762891583931207
29.762286429067053
29.761921103662882
29.761136942960505
29.760298044749852
29.75971819883693
29.758974085861006
29.758429209613965
29.757967105678812
29.75730615714796
29.756608399340628
29.755825251504355
29.75509152376094
29.754317360543546
29.753386529600462
29.752802614394692
29.752357195208123
29.751414913014433
29.750885614348995
29.749931851093784
29.749455742596574
29.748372979388627
29.74827009439286
29.747435584191173
29.74715385661263
29.74642002028302
29.746398277289753
29.7461741664917
29.746397435350033
29.74650609633877
29.746569912225386
29.746573817652326
29.74659311501274
29.74700748881268
29.74720585247537
29.747286940609364
29.74740016949228
29.747780382302203
29.748187078578816
29.748095866521655
29.748395372707538
29.74859377103661
29.74863408887
29.748840378493703
29.748850219720346
29.74892348107464
29.74890192161025
29.748906893746643
29.74882313908942
29.748515206236124
29.74868952883742
29.748577288528324
29.748629535152155
29.7486293729648
29.748653814832178
29.748712084804993
29.74866179169505
29.74849428897548
29.74841667993829
29.74796680197418
29.74766342196183
29.747103681483047
29.746753051084234
29.746440214751875
29.74629020342725
29.746026947997212
29.74562727530151
29.74535560492403
29.745301966100254
29.7447415912271
29.744704225054704
29.744152197026807
29.743903105418656
29.74322570672861
29.74275247458535
29.74221803325781
29.74210022116132
29.741460045668163
29.741423321121232
29.740942006974457
29.74066274310626
29.740202170803673
29.739875805904905
29.739590196563753
29.73912239295156
29.738550170193147
29.738194723383163
29.737566771094922
29.736952626012005
29.736561530468432
29.735805876581125
29.735176014603873
29.734578909324384
29.73393712468573
29.733326510837053
29.732483231093212
29.73175125675969
29.7310447477353
29.730484730753123
29.729791095934793
29.729391857392095
29.728929522469528
29.728645295837875
29.727817027305594
29.727424029454646
29.726659494067356
29.72658060261314
29.726035707524492
29.72592473961562
29.725405668582088
29.72478338234911
29.72442263734208
29.72360112262898
29.723158237791438
29.722637070316296
29.722569438494997
29.722312045030407
29.72190302139873
29.721559485790742
29.721430770630583
29.720930338321114
29.7203311986204
29.720080636809243
29.719640856180526
29.719289448666878
29.719006298159798
29.718557857835364
29.718121259471282
29.717492479150525
29.716970533191823
29.71660145527817
29.71581523747045
29.715251521257258
29.714563857165878
29.713691828575108
29.712871371782377
29.711954451161677
29.711001246368713
29.7100358631242
29.709017813197
29.708149099766338
29.707359034936015
29.70666263782901
29.70565715981186
29.705159038313287
29.704017886570526
29.70345064952366
29.70257478121956
29.702213764954024
29.70148230655973
29.701489176517875
29.700975845517796
29.701232980967372
29.701234695167038
29.70140170799389
29.701757693246392
29.701980283658372
29.702348046684243
29.70275459741974
29.702848198439824
29.703180391257582
29.703242533910288
29.703579486318013
29.70390219090521
29.703806003957887
29.703789259039148
29.703299049396247
29.703432013997656
29.70331607860276
29.703389564066562
29.702756259936287
29.702689157906445
29.702254086574193
29.701831469838694
29.701308063803076
29.70078353397397
29.700457241407104
29.700071747257667
29.699632874725438
29.699338078039045
29.69899620533935
29.69810252325919
29.697625689960745
29.69698902672006
29.696369120000202
29.696108645598763
29.695528912838526
29.69520106481855
29.694602811968068
29.69418306747045
29.69401606854686
29.69340711211256
29.693046946577294
29.692631715510863
29.692192835123702
29.691292936616726
29.690979547984156
29.69016425936713
29.689769282020556
29.68943313905347
29.68864955629531
29.688153643802902
29.68756472804877
29.687352867111127
29.68665628983542
29.686182407398896
29.685813948397417
29.685563491330896
29.685139118510403
29.68460249536756
29.683826063438904
29.683268644525995
29.682850659394894
29.68215311127119
29.6816269238848
29.68124360482157
29.680645241517546
29.67996204162503
29.67927884385121
29.67831593182536
29.677699181165288
29.676877896046932
29.67648455134269
29.67579857680468
29.674977473619887
29.674047612216018
29.67361137895538
29.673064681028727
29.672578240346613
29.67162202769099
29.67107591046423
29.670146550777083
29.669502900895324
29.66853715236395
29.668106632630117
29.667140328563995
29.666719707367687
29.665783982805642
29.6652251594218
29.664419993303248
29.66395907430259
29.663548191649674
29.66329721679766
29.66290950748691
29.66260167881792
29.66191707615478
29.661591191567197
29.661116125493212
29.660529021515405
29.660074754470642
29.659831317965853
29.65937270123208
29.658905057461734
29.658395320343757
29.65763412022918
29.65708559851453
29.656401785789427
29.655990644108922
29.65546115527478
29.6547277203666
29.654333470684506
29.65374657953795
29.653239349173546
29.65223884413648
29.6517703648886
29.650965119917963
29.650340649211987
29.64945286890117
29.648799543256942
29.648049884511295
29.647492516370928
29.647009268064622
29.646696570547878
29.645718042655975
29.64530184923291
29.644540074061627
29.64428042479138
29.643698293271406
29.64333719903847
29.642636574195663
29.64214553961099
29.641619199158423
29.641077256026676
29.64071148080867
29.64001062871028
29.63930461452466
29.63869457013771
29.637886729271198
29.637048598333223
29.63686547613008
29.63610178030973
29.635967365094157
29.635397456325812
29.63502095424022
29.63429020919207
29.633991747923606
29.633450757753618
29.633400678857775
29.63277511378483
29.63248832241847
29.632037814749324
29.63171720726882
29.631463185604105
29.630997967651233
29.631019906443534
29.63068961378226
29.63029609739848
29.629954185431885
29.629370096343184
29.62904577317595
29.62859677045767
29.62816851870223
29.62760799717476
29.627089959810156
29.626366271754527
29.625854151516045
29.625121025363384
29.62464771569987
29.624061543712493
29.623555870590025
29.623316363987506
29.622991522664186
29.62275815452727
29.622473554027113
29.62162593378624
29.621429184629484
29.6208503610047
29.620463975370626
29.6200453208569
29.619452634847715
29.618940916571756
29.61841831839918
29.617833518220223
29.617124434529785
29.616192615044188
29.615459289966456
29.61503248977393
29.61438370716556
29.61366749642628
29.61285685342581
29.61222213925085
29.611435340738534
29.61094164246714
29.61047321463823
29.609908268989873
29.60931001234622
29.60879839780468
29.60814486958345
29.607458738143375
29.607111013445902
29.60626515384011
29.605887782611727
29.604955613488375
29.604664213784403
29.604029065807907
29.604494057065544
29.604055370343332
29.604425105547456
29.60454805533578
29.60488921749217
29.60580489040719
29.60606427461563
29.606909611841967
29.607227835204593
29.607990502064062
29.60836897690897
29.608945577069605
29.60936954657757
29.609802430112147
29.610022149601946
29.610567118274837
29.61097417324943
29.6112721354287
29.611558024986365
29.611601956372702
29.611915414018334
29.61205265738503
29.612315784985277
29.6127637620604
29.612762141901435
29.613085375127362
29.613392034298744
29.61353599479559
29.61369927721224
29.61371444118729
29.61381334053286
29.61334746424225
29.61329396790699
29.612943867123747
29.612784244578382
29.61231947991564
29.61197050492664
29.611434861992706
29.61126878818442
29.610977919444757
29.610488420494466
29.61004727176837
29.60928616467929
29.60892724067365
29.60864504409163
29.608046311750506
29.607722783823796
29.607310901491743
29.607036436670057
29.606777562958303
29.606401625449035
29.605950803142427
29.60549335729234
29.60528841048522
29.604758423015515
29.604386317806423
29.60367397537622
29.603516706629765
29.60305702408528
29.602864943857412
29.602434366961706
29.602079378549174
29.601873191189863
29.601503948022145
29.601018259017465
29.60069063449161
29.600242912409197
29.59999726459444
29.59978872689114
29.599411882500085
29.59903885956898
29.59859396763187
29.59786321023174
29.597636914873572
29.59728884095344
29.597079084297995
29.59659313342366
29.59611051445295
29.595477800954576
29.594958656783138
29.594537257035523
29.594064176652523
29.59350825070222
29.592917635071533
29.592464787508945
29.591694278963647
29.591284293955823
29.590643227940557
29.58982324060426
29.589270590606894
29.58865895005451
29.587981523373188
29.58767207127428
29.58699200250041
29.586464826588156
29.585496960157855
29.584858685815597
29.583844122197117
29.583224341068206
29.582340052678127
29.581874961702287
29.580952696583402
29.580425633838622
29.579760488122385
29.579077638705837
29.578536350907363
29.577835550043027
29.577332653930664
29.576655571344197
29.57621816310873
29.575251011831508
29.574820919424106
29.574010550796768
29.573696606256476
29.57312266762424
29.572511143736268
29.57193836293715
29.571417637448924
29.57092216634255
29.569990445145578
29.56922578855897
29.5684816450131
29.56804613302626
29.567112966032553
29.56639713287246
29.565520419663173
29.564686608301916
29.563908104631153
29.5633181419667
29.562540685346992
29.561794670520666
29.561342155417698
29.56044198124676
29.559991096960736
29.558936444029747
29.558260458849613
29.557458141851
29.556739553280188
29.556170234159666
29.55525751138233
29.554783237310794
29.55420226183199
29.55328202658006
29.55256866020282
29.5516316457781
29.550878368675694
29.54983979527501
29.549189620676202
29.548254663441696
29.54736309411134
29.54680757323892
29.54604791247037
29.545679593861216
29.544821052189867
29.544433330051397
29.54364968997039
29.543244625924775
29.542438988460198
29.541907499449216
29.541523441355327
29.54102939461249
29.54063500618727
29.540251924701984
29.539632912782466
29.539426539639287
29.538912682785963
29.538859928802204
29.5383870008458
29.53849662656365
29.538198507549872
29.537717983390422
29.537817833216373
29.53741431083934
29.53706881493844
29.53670766128355
29.536309828490204
29.536204418899548
29.53571972624013
29.535645979677142
29.5352437579323
29.534976563106188
29.534405793804055
29.5341267376827
29.533994544983262
29.533694498368007
29.53329964303861
29.532557751608156
29.531885845430914
29.531350510699212
29.530561578755382
29.53005913016822
29.529435548821237
29.528778193018965
29.52832227106534
29.52775400198464
29.52746747250202
29.526723105372877
29.5261818697941
29.52545035329299
29.52480120144576
29.524187192294356
29.523181876191728
29.522662032912706
29.521886309232922
29.52135132692231
29.52094322405317
29.520603374401077
29.520243663481285
29.51942706399784
29.518813733210937
29.51833891900451
29.51769520312263
29.516842070488472
29.516403597657742
29.51573857177637
29.515498457118948
29.514681862198167
29.514121680082116
29.513398036831493
29.513350512949323
29.512693445854055
29.512303988024776
29.512065634492522
29.512025180243352
29.511428221825604
29.511345946564415
29.511028061370823
29.510642746373623
29.510298983973243
29.509802622098867
29.50940609522735
29.508963221613506
29.509001928189093
29.508807829334383
29.508944471576335
29.50869847638603
29.508615836108927
29.508518186991196
29.5080542238686
29.507942617755845
29.50747492217516
29.50741423605209
29.50710612866851
29.50655539150702
29.50620007294503
29.505632191089532
29.505381525271517
29.504766906360057
29.504585650654942
29.50398194810809
29.503513550959376
29.503092418832356
29.502160249034173
29.501463977115122
29.50077399759964
29.50019634412637
29.499853987362975
29.49920902013375
29.498497205886753
29.498013853743043
29.49743667803185
29.497250199612743
29.496598966429314
29.49623793401996
29.495232519862647
29.494583680745322
29.493774464864302
29.493269714467022
29.492576368594232
29.492065667649378
29.49138508703985
29.490604109923332
29.490381926946803
29.490108616461473
29.489554396336644
29.48899771625082
29.488422204459116
29.487695686490355
29.487216080048096
29.48688815105861
29.486618687835254
29.48597045592409
29.485247698118613
29.484519795929486
29.483723202683354
29.482918230143376
29.482502724644668
29.48194761515549
29.48137094052536
29.480793351154333
29.48068215149923
29.48011776437393
29.4796740732033
29.479100351528015
29.478421091827943
29.477889143033224
29.477535636927875
29.476714552747616
29.476299194524188
29.475547110010616
29.47530360781492
29.474546949931888
29.474216190095056
29.47363697505162
29.473306335133273
29.472460347661166
29.472053541485103
29.471576149186298
29.471178880079986
29.470955592620825
29.470515489599073
29.470223982115897
29.469900139492225
29.469544230997357
29.469128133192342
29.468659926988593
29.468296974033766
29.467714932663792
29.466754029758476
29.466007154322206
29.465361535434
29.464478880498728
29.46377860200257
29.462924354052515
29.461966314378493
29.461034888578844
29.460123327739815
29.459382780394073
29.458415764935303
29.457616612172654
29.45665547852982
29.4559983926335
29.455008263497355
29.45448774030018
29.45349401555672
29.45316091290799
29.452311261511813
29.452064021014902
29.451484012316552
29.45114347800368
29.4506884588141
29.45015289039756
29.449901864531473
29.44963975658002
29.44918483803015
29.449231561757884
29.44886461248636
29.448777888098753
29.44874763471809
29.44876269344993
29.448711519842217
29.44854237147018
29.448541413472448
29.4485555036694
29.448853141546827
29.44880859202014
29.449028566036954
29.449158068876905
29.4493887595679
29.449582260560128
29.44989617093119
29.449715579712908
29.450020205361422
29.44985862806417
29.4504194917736
29.45060578497752
29.450660964544745
29.451430230898406
29.45146072827488
29.451487706560854
29.451533071716547
29.451561995193543
29.45179734302148
29.451897886728922
29.45160671023409
29.451796738241566
29.451524472230787
29.451412939263957
29.451311663411637
29.451213193005934
29.45136938759118
29.450895378228847
29.450648488331424
29.45043801632744
29.450497860573538
29.450399032787754
29.45017425035521
29.44977231815289
29.44971694145339
29.44935873226865
29.448999518864586
29.44903442914931
29.448581289865352
29.44863905551982
29.44808969079133
29.447948289567883
29.44794849085033
29.447566922286295
29.447343893494757
29.44705112114302
29.446847744957303
29.44647526489236
29.44652957977647
29.446414018120848
29.44562632398407
29.445270812479826
29.44472132297479
29.44449217846814
29.444106248016475
29.44403197688956
29.443647244668707
29.44348865009374
29.442880750793613
29.442500257753807
29.442063043575956
29.441436048739767
29.440989079871404
29.440142927694858
29.439446745036303
29.438628232493596
29.437831347550127
29.437392626560328
29.436588349429034
29.43576740484992
29.43525782059957
29.434293583455077
29.43373712136804
29.43323382570343
29.432609711098504
29.432026163216985
29.431677848918547
29.43103728171633
29.430495604765245
29.429696165863763
29.42899568131045
29.428438728542645
29.427921546242843
29.427147449638156
29.42674988864086
29.426419902140836
29.425971095264273
29.425300367813378
29.42491719687115
29.42413785671835
29.423524579175737
29.42263175621043
29.422196715421315
29.421436496643956
29.420799036418316
29.41999438405713
29.41946059340399
29.418920902176783
29.41804076724906
29.417295092530097
29.41642527157274
29.415810411093567
29.41474131978138
29.414016285555693
29.41297578727984
29.41248683190689
29.411480086214958
29.410758468023346
29.409888577729287
29.409360855620235
29.40843263055179
29.40835251028838
29.407457342027694
29.406866664056636
29.406210334583683
29.405568576538876
29.40493981842357
29.40404143757735
29.4033460550505
29.402442987512217
29.40168398407712
29.400926803126207
29.400079716382987
29.399418087192444
29.39871561833008
29.398113942746097
29.397842941373703
29.397116252878753
29.39679980079562
29.395704222660868
29.395286046757924
29.394421092481878
29.393601409762347
29.393182686414892
29.39236940728982
29.392240296033595
29.391688291323188
29.391398566102463
29.39082410582825
29.390463405448614
29.389833522028873
29.38959518125086
29.389233712736164
29.38887994345507
29.38833185346339
29.38814059521824
29.387742021986224
29.38737330539606
29.386943997584826
29.38658269834589
29.38619175785628
29.385728687770147
29.38553538809073
29.38500302377215
29.38470656560814
29.3843478062984
29.383558850419398
29.38332370340602
29.382857870261446
29.382552569998744
29.38194838191589
29.381497772190023
29.380770768738884
29.380133344127604
29.37935068874589
29.378913813975114
29.378181707268666
29.377923307951743
29.377476172130955
29.377093460532436
29.376336820799803
29.376100196553626
29.37566965252159
29.37553607355394
29.375258736782428
29.375011777287053
29.37453407510475
29.37427411571887
29.373571823941994
29.373267515582647
29.372990039893168
29.37284267848801
29.372419387701335
29.37210479808948
29.3715468732081
29.3712666518369
29.370793953278014
29.3703354119655
29.370020095555425
29.36981182406185
29.369350464188248
29.368674301406745
29.368043413891733
29.367584536212913
29.36736373200068
29.36679654625902
29.366516570636175
29.365570875249098
29.36500205554783
29.364581408675573
29.364030325747443
29.36352398344561
29.363207740563606
29.362574957689134
29.362192382794966
29.361298915189703
29.360804221247022
29.36014976917388
29.35961720034371
29.358960873179036
29.358444021609916
29.357873380638893
29.357451328008604
29.35690610816244
29.356178725763904
29.355630992266015
29.354955461282145
29.354403526193394
29.3536456540146
29.353169996583407
29.352389803580856
29.351837144713855
29.350922094077788
29.350480019844905
29.34989567070438
29.34944043120651
29.34857549441712
29.348031554261524
29.34725422805338
29.346527513276154
29.345678195571793
29.34468016863235
29.343849451456997
29.342878015526104
29.342362901162417
29.34139486992192
29.34079965745469
29.33982160477602
29.339229644419227
29.338309970793134
29.33769630964833
29.33698908004001
29.336466258003778
29.335472804678343
29.33512866888069
29.334453453092863
29.334340714783977
29.33383762795998
29.333993424868115
29.333544548586833
29.33342766390797
29.333466151708993
29.333821592947476
29.3338859931573
29.333975283651572
29.334076278517024
29.333857380096266
29.334063397352153
29.333752535034662
29.333616066183268
29.333201085717388
29.333073385534178
29.332940225284286
29.33286826943752
29.332974186969388
29.332703964069047
29.332490960095758
29.332339808495654
29.33201481231773
29.331650307065267
29.331354536914887
29.330784606248873
29.330246578039564
29.329920440001935
29.329270147302907
29.328995299254522
29.328294410012326
29.32786518421684
29.327116414668538
29.32655324066511
29.325983623238457
29.32527498479039
29.32470825458326
29.32372227171267
29.323354386860714
29.322431633769494
29.3219077287921
29.321409931208137
29.321146657800874
29.320682663463185
29.320244897851
29.319723621458348
29.319286080501037
29.318539517587272
29.318199543819816
29.317832704861836
29.317296673631375
29.316952943492222
29.316376249864454
29.31589254071514
29.31562266934887
29.314977839202836
29.31464104421356
29.31396571238157
29.313532550553866
29.312620244600996
29.312108361080135
29.311009400503277
29.310410229344765
29.30969528929889
29.308990837365737
29.30816589495151
29.30741608998226
29.306732278774334
29.30629471670767
29.305371911653392
29.304465400871912
29.303735505185543
29.303070049619745
29.302010655699302
29.300786256116144
29.30009415283605
29.29916243996829
29.29855715343549
29.297648013644388
29.296673077061577
29.29551417838669
29.294880648896896
29.29389545060129
29.293058894104984
29.291944741829212
29.291265468690383
29.290491664836523
29.28999775314726
29.28935128357795
29.288491465431395
29.287918586599723
29.287294989752954
29.286555712711344
29.285694140652417
29.28512578318328
29.284034578095127
29.283664483065152
29.282804750317535
29.282263284430023
29.281301154555415
29.280796956703075
29.27990322479622
29.2795036449292
29.27889406551636
29.27890028270157
29.27863960664949
29.278284739507363
29.277937958633302
29.277263180608234
29.27689887034152
29.27639771676138
29.276263949742095
29.275638175090588
29.27565810192975
29.27519538408836
29.2753281162571
29.27523158016843
29.27507798083042
29.274941404110898
29.27502919499432
29.2749576288494
29.275280583792277
29.27538643395076
29.275805921470695
29.275757281366207
29.27575838226275
29.276058789491866
29.27605711001285
29.276123620293717
29.275993793854465
29.2758563719549
29.27573486718468
29.275487544998313
29.27527381128881
29.275042827066756
29.274842628733918
29.274938624128914
29.274475412026323
29.27447179490903
29.274266013882112
29.27448251921932
29.273992321991813
29.27382148325235
29.273450924377933
29.273392051372703
29.273057373518945
29.273124062793606
29.272948463696782
29.272485244212525
29.2723102612336
29.27202186520106
29.272045693954595
29.27180889545664
29.271713137495034
29.271546423941963
29.27124843985162
29.271065488859698
29.27068463061364
29.270273578130364
29.269878512225958
29.269486018272207
29.26900790921784
29.268822400462867
29.268128588451724
29.267820640966203
29.267178295604953
29.26699008855384
29.266552416760703
29.266234401560425
29.265781596617177
29.265264877016296
29.264673001350204
29.26423586593975
29.26401230988339
29.263821226534215
29.263447320856244
29.263033237847328
29.26258983572081
29.262184495067764
29.261658052674306
29.260936188979233
29.260246071475816
29.259764569940316
29.259266932557296
29.258955209821174
29.258202358424686
29.257521350739545
29.256789796664933
29.256353327580346
29.255651010010197
29.255207969699573
29.254457741126988
29.253760948849965
29.25326672304173
29.252655992338973
29.251831077532493
29.251279195428268
29.250652669812688
29.250147413247262
29.24926514699241
29.2487045782083
29.24781337676262
29.246832471340454
29.245930422786497
29.24519571139932
29.2442726966274
29.24360036843103
29.24279494604797
29.242122136150805
29.241119561980934
29.24075858784552
29.239926563741342
29.2395582035495
29.23872926309835
29.23808945214261
29.237476288684164
29.237113858359667
29.236543731687846
29.236163576178594
29.235616308847817
29.23511152351244
29.234455482030597
29.233757564018916
29.233268508984125
29.23283688303399
29.23202780187248
29.23149495044766
29.230751309137183
29.230168343289463
29.229364863099057
29.22861916063498
29.22799877478111
29.22775341266405
29.226641464331003
29.226589294073527
29.22558385482016
29.225450253722116
29.224970017348966
29.224358807573996
29.22391315726908
29.223707841710706
29.223234248685905
29.222897298278596
29.222717004160334
29.22238116027379
29.22172447760373
29.221153660546562
29.22055120620258
29.220323547772082
29.22015038173916
29.219640381961245
29.219244789110306
29.218818498196878
29.218165454369817
29.21778243686784
29.217183577300446
29.21675868673824
29.216068482165372
29.215678569251764
29.21504727776167
29.214521599861683
29.213838648560653
29.213371138137862
29.212763836412915
29.212266294354766
29.211556149932708
29.210982130427652
29.210108663312113
29.209553279904178
29.208767131511824
29.208114598825375
29.207123913598547
29.20642088192608
29.205524285315487
29.204757983567493
29.203711459980237
29.203156611175757
29.201744824098345
29.20111700564352
29.200179010630833
29.19962559615022
29.198456551015056
29.19786361163219
29.197131963240484
29.19678025413733
29.195803261303517
29.19526262841261
29.194817809904265
29.194435738971322
29.193796166988655
29.193495869453415
29.19313527270271
29.192651027769113
29.192382009851492
29.192145012480452
29.19149878162767
29.190828115027664
29.189948012356272
29.189405808356867
29.188679242691382
29.18815262328888
29.18731932484536
29.18668549950059
29.185955032489865
29.185054529391763
29.184202875308564
29.183350849946756
29.182436775244163
29.181844506941083
29.18108181115734
29.180405521234007
29.17996231262389
29.17944895427994
29.178407158307976
29.17805015461928
29.176736325419533
29.176054671097333
29.1748776231168
29.17476422237423
29.17387241219164
29.17368662817789
29.173118425321466
29.17318610867376
29.17223252184499
29.17202020496566
29.171661029850632
29.17172414965862
29.17120487945384
29.171059646464098
29.170698699184335
29.170755537656493
29.170581528216296
29.17039281063859
29.170256772717945
29.170327786095342
29.17021423947866
29.170111787574562
29.169861896520857
29.16936013179817
29.169379942511608
29.169125786071724
29.16911996419234
29.16900927579714
29.168615663536045
29.168680378338024
29.167933542213852
29.167662593372874
29.16707425796167
29.16685280351615
29.166103819285595
29.165775940551384
29.16524673351548
29.16508475920161
29.164687398708327
29.164645738722218
29.164218367919645
29.163942642118425
29.163554173552214
29.16351412104941
29.163273404101226
29.163049961129694
29.162740928324876
29.16233225769606
29.162077743563085
29.161593346580666
29.16136896545888
29.160668940467716
29.16047328895459
29.160055634190243
29.15973961832264
29.159205272455402
29.15869793869362
29.158437340854864
29.15772418584728
29.15739265552733
29.156979942918674
29.156714020477725
29.156310795480337
29.15576320921201
29.155211410870685
29.154876478040407
29.15411419739296
29.153418797832092
29.15251207139926
29.151914856248528
29.15108242622512
29.15040171314712
29.149276672174
29.14847418341662
29.147388796359497
29.14676056719253
29.146031039925674
29.145123336069254
29.14418377420702
29.143328709808966
29.1426699818625
29.14182403540556
29.140908235780998
29.14014567567291
29.139317789494825
29.138811824472977
29.138087049529908
29.137518087644235
29.136275333308312
29.135705950461706
29.134498809102404
29.134319634878814
29.132840845267417
29.132825821388494
29.131997592094617
29.132417928218324
29.13229400094629
29.132594456393672
29.133366128959626
29.13382124325889
29.134923447324095
29.13563040191379
29.13637180583919
29.13712512564
29.137831028218585
29.138505569121094
29.139001157905927
29.139623167645983
29.140151737017685
29.140522246816467
29.141037374358806
29.141041675711286
29.14148905618265
29.141474862601896
29.141288528832867
29.140969707486892
29.140668559024814
29.140885041053217
29.14098833051878
29.1409234838464
29.140969387905432
29.140661811300618
29.140706871501575
29.14041233753164
29.140407388162256
29.140147456130077
29.139858628825657
29.13972230284547
29.139587198010368
29.139316615014334
29.139266790035027
29.138911673491272
29.138832136115617
29.138474547778586
29.138209903347057
29.13802723784293
29.13773108416109
29.137656250531528
29.137267941753166
29.13710751704835
29.13719749572166
29.136839041784697
29.136881684000848
29.13686111099471
29.136459834787054
29.13639050137911
29.1361154892464
29.135681345216575
29.135219170835022
29.134978110296956
29.134846904466507
29.134328964952743
29.134015009320457
29.133858626319515
29.13354241142081
29.13347738074341
29.133124373761664
29.13286063224556
29.132339174186797
29.131846367870118
29.131167247708348
29.130626024083533
29.13009901324241
29.129744122703535
29.129364871551576
29.12871497540893
29.128235956357553
29.12760442042405
29.127071525886777
29.126218016682735
29.12539703176229
29.12486026370475
29.12390777796155
29.1231095562938
29.122454554544376
29.121590991506356
29.120816491380992
29.119914192065252
29.118891133501016
29.118077633584964
29.117067138652875
29.116494639356134
29.115487453688445
29.114677648358366
29.113793133034363
29.113363027189386
29.11257652340913
29.111825847368028
29.110811213599273
29.110264361720827
29.109548427359194
29.108545699511843
29.107597005520567
29.10648165559095
29.105531888813687
29.104488011925685
29.103470816355784
29.102334307205204
29.101506412830783
29.100415095042763
29.099665024786642
29.098535626917894
29.097888569420522
29.09628746374246
29.09576885551916
29.095033794520848
29.094783099327795
29.094094160782436
29.09379546032082
29.09374148242341
29.09358849891067
29.093509782608788
29.09304213891399
29.092556098329435
29.0923336984496
29.09203539848516
29.091798935806228
29.091764501273282
29.0915567515751
29.091397861530428
29.091264238579928
29.090875072751807
29.090477145456077
29.090115061119192
29.08966623214445
29.089343446199347
29.08890932147255
29.088521518752156
29.087914689093157
29.087517782346154
29.086731776119027
29.086423927640574
29.085731922118036
29.085443045575587
29.084803149749074
29.084442042303426
29.084231883332325
29.083453285259814
29.08359129354885
29.083219085833463
29.0830023470013
29.082566766014804
29.08260877922824
29.082210317094802
29.081961458383688
29.08175253770726
29.081595336610498
29.081394508942616
29.081190075586534
29.080923697400323
29.080586424506002
29.080428538129134
29.080106185217453
29.080080575165425
29.079570412514837
29.079472380501766
29.079037170057983
29.078647824527945
29.07838083240904
29.0780845726235
29.077723618984066
29.077538446744853
29.07720286931677
29.07718223021331
29.076355731826638
29.0759460048288
29.075359936510562
29.074850295838154
29.074165049996523
29.07371998758091
29.073037710171224
29.072418958362
29.071828393262372
29.071279305131576
29.070640888794003
29.069914184506995
29.069159518918106
29.068681962889894
29.067950416019464
29.06682237929983
29.066003432089627
29.065237225498244
29.064346612242737
29.06325635223652
29.06227388268509
29.06170865388523
29.060831939008853
29.06026261162492
29.059465112161142
29.058484572781907
29.057250850417834
29.056373035225537
29.05526500535546
29.05453471505399
29.05323052515595
29.052534494587746
29.051294746363254
29.050613540863953
29.04972266742832
29.04928181406411
29.048246070000836
29.048172339360878
29.04741630464955
29.047302941817755
29.04721372311875
29.047302795408157
29.04719016556765
29.04708131944135
29.046808650770398
29.046830989825366
29.046611463666494
29.046216389982867
29.046092184821106
29.045625913516982
29.045443705622485
29.045014848395304
29.04498852956968
29.04450730159276
29.044331315808098
29.04413469419282
29.043545753579703
29.043388509767013
29.042502839721717
29.042118613642106
29.041367484231944
29.041403584744735
29.040825556989212
29.040740690528423
29.04008318963326
29.039755668206677
29.03924020482107
29.039106039829562
29.03865361659694
29.03837858268394
29.03834446262278
29.03777127116332
29.03766178810562
29.037151442800496
29.03716016672696
29.03656344408247
29.03639807129419
29.03625581980819
29.035765553108117
29.035652240799802
29.03517255065717
29.034936938813807
29.034643009830887
29.03436553781518
29.033826551438857
29.033470438507344
29.0332981650065
29.032947515727848
29.03272294704925
29.03268056662453
29.03248245712173
29.03235291189231
29.032153067756468
29.032105984641476
29.03173261511421
29.031329055700922
29.03132759467196
29.030798440744032
29.030510352492442
29.030216499312324
29.0297693509245
29.029336765191545
29.028767311969403
29.028133310104145
29.027741453959944
29.027121112062684
29.026916566694446
29.026231478021174
29.025892107633787
29.02551499300855
29.025220023768867
29.02465267969316
29.02436196236499
29.023688429807795
29.023426764281268
29.023036532547305
29.022638273067688
29.022467024664465
29.02181938592544
29.02165240649645
29.02111447980355
29.020850492775665
29.020106777003182
29.019510940928704
29.01864762887869
29.018277064822655
29.017563179513854
29.01699380431272
29.01609551159842
29.015313616318306
29.01492171676582
29.013876748740145
29.013003285370786
29.012360781111738
29.011802008254964
29.010946060076655
29.01021145556847
29.00931106629169
29.008599164849144
29.00766391652638
29.00683820730365
29.005988593091168
29.004904612933565
29.00412871167375
29.00313074000303
29.002585216193456
29.00151088796426
29.000848848986173
29.000142432052407
28.99944415039141
28.99873997525824
28.998388300382956
28.997848193182037
28.99748206213841
28.99647635695934
28.99562130482559
28.994959510872036
28.99411341488326
28.993652147652863
28.992825202441285
28.992416642847484
28.991679691894227
28.991130379612127
28.990622833345792
28.99005682497115
28.989483297797413
28.988894554082272
28.988248273244338
28.987659315351504
28.98707979525847
28.98644956679755
28.98599426403986
28.98497836356382
28.98450635417838
28.983488078029048
28.983120463272716
28.982395625384076
28.981738032044603
28.98129167927649
28.980518288625458
28.97985498039588
28.979237876103802
28.978744945028136
28.977830646699424
28.97728332163339
28.97631570432397
28.975938090464467
28.97511443899047
28.974852165615225
28.974394110306235
28.97413771068087
28.97399667367699
28.973673969025704
28.97363277344376
28.973154816396388
28.97299736437907
28.97272711430674
28.972724664800232
28.97255892069787
28.972383548696406
28.972477007618554
28.971851308848006
28.971669672616645
28.971055974413375
28.970706250174047
28.97014155479029
28.970106931018975
28.96966031264457
28.969704853283673
28.96964726239325
28.969693697130783
28.969705333450307
28.969351844199856
28.969604591981927
28.96923486041839
28.9693402915395
28.969283030686064
28.96957420852956
28.970037216272793
28.97032817190931
28.97024881553531
28.970376117768012
28.970259501146177
28.970076247180792
28.970140126970815
28.97015953777538
28.969923160575114
28.969529667984332
28.969407737462348
28.969149328849344
28.96905536635647
28.96904120370185
28.968937271694344
28.96866898760309
28.968418169655635
28.967897875464494
28.96757699726992
28.96710901318649
28.966560142251797
28.966457691079665
28.965710446878404
28.965188000422238
28.964598230837076
28.964057431877386
28.96345570047511
28.96289270286879
28.962195785030747
28.96119662596448
28.960648244139954
28.959678282274083
28.959046699247466
28.958078820543996
28.957397687013504
28.956693522429283
28.955759338856375
28.95499216866558
28.953908203058777
28.9528693875969
28.95170821634355
28.95099164609013
28.950008995151627
28.949106585434613
28.947968216274806
28.94699760135541
28.945946213056782
28.94505769914082
28.943837456028696
28.943132728651634
28.941874564541727
28.94125462597485
28.940048921692892
28.939660221932172
28.938697956578167
28.938553183497394
28.938059844698362
28.938360198071294
28.9381870918385
28.938293075460354
28.938360732484437
28.938380617808534
28.938292598851092
28.938318514718627
28.938280876135487
28.938446639280034
28.938589623583034
28.938637128339085
28.938796729057806
28.93889085714259
28.93898016685283
28.938665818164857
28.938172238139526
28.938079880852676
28.937857480719927
28.937779884674942
28.937381682542103
28.937296982779355
28.93693708966889
28.936697708031673
28.936588526861225
28.93621005058856
28.935768124380115
28.935139566225565
28.934625288671633
28.934179352342415
28.93399218914205
28.933279069707023
28.933038084009148
28.932271115281555
28.931844426511883
28.93130454403115
28.93082882834326
28.93020804255089
28.92973752049652
28.929452565707518
28.928916614067873
28.928524105118626
28.927866828531997
28.927648444891627
28.92722610879325
28.926895589624536
28.92620119564861
28.92592997554552
28.925581801482686
28.925375289672107
28.924703808197165
28.92433664771222
28.923596236082002
28.923149145825306
28.922297707122254
28.9218369316633
28.920814296024552
28.920377359796362
28.919863529066436
28.91946741621974
28.918904183666278
28.918562108685272
28.917888236409443
28.91753880344527
28.91699995071839
28.916333412439883
28.91553820982081
28.914726805490115
28.914084180809482
28.913654936988515
28.91304454767145
28.912476880728164
28.91171127753755
28.910757900658478
28.91008504678284
28.908987115733392
28.908465483881173
28.907471100758638
28.90667440096155
28.905628717576548
28.904442530456883
28.903735734564147
28.902811728009276
28.901947905508507
28.900877666878145
28.90007128238046
28.89880092395464
28.89819288990589
28.897495758266075
28.89702596955429
28.896324098456247
28.895663220983355
28.894720909441666
28.894450672115152
28.893910974797542
28.893283728303444
28.892852401243573
28.89205054053006
28.891383627903284
28.890582436817645
28.889612630536682
28.88895622774229
28.88805373044107
28.887108317907447
28.88604646649055
28.885551578906536
28.884796419212982
28.884200588572895
28.883162075105506
28.88292986671679
28.881958681660393
28.881420924832998
28.880567062755603
28.880076916916174
28.879374260677444
28.878875438439074
28.878579026339057
28.878267732846457
28.877885235166147
28.87757192522198
28.877013420613025
28.876544917564757
28.876381728588466
28.875791262943935
28.87559217648881
28.874835455212448
28.87461239763311
28.87416008169626
28.873511835871476
28.873204358846788
28.872597722067724
28.872148804670633
28.871908849744138
28.87164960411395
28.871119151448653
28.870718058965007
28.869996645060322
28.86982100470927
28.869426169481113
28.8692501556622
28.869098174537147
28.868413064801302
28.86842426259088
28.86791254639107
28.86773186217664
28.8671476036927
28.866853955669363
28.866503321858275
28.866297575357045
28.86588361470512
28.865748967609072
28.865219097157187
28.86487729583839
28.864255439398985
28.8639424036459
28.86373996239042
28.863287979446923
28.862881205651412
28.862344999195034
28.861921805331594
28.86143874536147
28.860956059240202
28.860304066089295
28.85976000875127
28.859217324519804
28.858764020558326
28.858287380652783
28.857790248027793
28.857229636311324
28.857017549162627
28.856454278981275
28.855976238724406
28.855077154647176
28.854764892398123
28.85389458454858
28.85343767246562
28.85237539519021
28.852250699632847
28.851525587622085
28.851453255822456
28.850996778320138
28.85084926695803
28.850409632883
28.850329218749565
28.849992825929856
28.84974058362119
28.84963814130685
28.849314731634408
28.849149317564795
28.84859154549889
28.848471157339524
28.84799617922348
28.84789369808315
28.84744329584141
28.84752136720495
28.847468675516925
28.847327671962155
28.847475606671956
28.847443348934988
28.847595998923907
28.84768028067669
28.84738450301347
28.84720618549847
28.847319812748417
28.846827499488587
28.84669273570247
28.845944356033822
28.845765208390635
28.84521695183495
28.8447595699995
28.844428397334894
28.844093681965074
28.84368577853174
28.843322393264977
28.842802831640988
28.842160173335536
28.841508950052464
28.841038407703795
28.840845978135086
28.83996720436023
28.839443209436656
28.838670864537566
28.83823165111364
28.83756649780863
28.83708284745157
28.836911584279857
28.836035412987364
28.835414934045374
28.834566902060207
28.834046044485685
28.833190752965297
28.832547073456503
28.831759312025223
28.83100697273128
28.830512207047725
28.82968324530185
28.829126736998596
28.828188501672454
28.827539587445216
28.826799132941282
28.82612408784443
28.825495722456793
28.824720462482265
28.82415211244782
28.823190649342372
28.822613988844054
28.821800187675898
28.821081441580407
28.819996966873788
28.819482137831443
28.81869953059008
28.818663099184874
28.81809412612137
28.817689785579805
28.817239995144355
28.81715927970053
28.816939174450905
28.8167794696283
28.816216714491986
28.816210868762575
28.815402356901917
28.815357682689186
28.81479757863459
28.814350151354496
28.814157502648627
28.81366124845499
28.813229521444907
28.813028658556263
28.812313073496444
28.811940579007995
28.81135324366663
28.810564840761785
28.809794689760892
28.808988582402137
28.808651455767965
28.808080497494018
28.80741557886359
28.80695719982291
28.80631581511546
28.806039131042425
28.805279692260562
28.804902251157394
28.804221168498422
28.803861052945543
28.80313018495518
28.802730248060527
28.801906236757393
28.801384699325993
28.80054476735007
28.800280638014904
28.799521635725924
28.799511538962932
28.799069068637877
28.798873883878663
28.79865906112769
28.798389217496528
28.798326822622506
28.79792527575125
28.7975513076466
28.79740305557568
28.79689589119468
28.796514809868587
28.79599131153256
28.795555816651756
28.795235861811392
28.794803460194878
28.794843466333457
28.79424793628088
28.79363426961836
28.79316261138755
28.79272938006988
28.792288797829663
28.791930782557863
28.791755576501807
28.791014665120393
28.790623755082386
28.789994814628365
28.789689414150125
28.78955493651379
28.789410725777834
28.789175296011944
28.788833051594533
28.788360736920783
28.787706623011665
28.78726888779689
28.78664169805711
28.78641712420479
28.78566767476299
28.78510700527983
28.78428593057809
28.78359317977129
28.783069816179122
28.782638249440083
28.781747616018126
28.781181924264224
28.780322996199175
28.77970718438785
28.778720577414056
28.778025022149976
28.777300237148275
28.77658570717147
28.77549702937149
28.774710949481946
28.773765872425972
28.77297254917608
28.77216112281053
28.771221855905097
28.77093432870959
28.769988838933163
28.769668413972393
28.768815303838355
28.768053846065065
28.767539478661213
28.7669282222487
28.766182009056838
28.76587985605129
28.765099267483652
28.76475829852759
28.763965346201118
28.763540727144733
28.762688838465877
28.762222036582514
28.76158500775345
28.761111360388213
28.760150220365194
28.75982629332149
28.758992505864498
28.758995689979105
28.758346860706215
28.758147855771476
28.757911191461453
28.757956719285648
28.75794104524821
28.75780749304166
28.75750728539967
28.757270851430107
28.757044452402965
28.756687606821178
28.756789818625286
28.755979399872253
28.756300608322057
28.755835966756813
28.75569935653489
28.755740628988317
28.75598243369751
28.756295638179715
28.756401543575166
28.756216339025205
28.756500776151547
28.756392629099544
28.75616471488891
28.755730169467594
28.755563786765318
28.75553414119658
28.755453817024573
28.755575728485667
28.755796170972772
28.75546265404365
28.755418387429042
28.75508051172787
28.75488447347239
28.754625501244256
28.754514157013077
28.75413159518324
28.75399745300301
28.75361224186029
28.753432621196133
28.753258730900136
28.752724806257728
28.75258814815438
28.752194185080548
28.75169150860816
28.75129773027644
28.750761988005582
28.750116096542463
28.749716799228185
28.749069894403938
28.748482506031706
28.74772328740399
28.747290987648675
28.746511946870644
28.745810263838145
28.74564979810217
28.74483791132277
28.744328883829503
28.743694472141442
28.743052478243925
28.742641688109924
28.74197659395298
28.74119356430092
28.740215662626014
28.739480417744954
28.738777960364168
28.738088823852692
28.73723227080641
28.736622531309877
28.735786577494853
28.735238263722557
28.73451236654941
28.73389691206257
28.733521255017177
28.73312280406553
28.732415668523565
28.731780508953207
28.730828427824694
28.730487888470684
28.729705252066307
28.729196882655096
28.728432681526893
28.727996362514006
28.727119289036427
28.72706636302567
28.726332308075335
28.726357124930146
28.725853514713187
28.726002386687934
28.725924627869993
28.725740969723518
28.72562494612896
28.72568610518985
28.726074825068775
28.726008657685185
28.72624929612965
28.726034823175212
28.726380306678763
28.72655126122851
28.726821014632318
28.727198848078295
28.726919801566137
28.727225376997417
28.727410295517537
28.727616731985385
28.72783967799649
28.72749356267122
28.72736040251162
28.72734619023873
28.727068204757575
28.727185365145868
28.726824432410353
28.72668206301968
28.726456359073403
28.72633591312178
28.726076701184958
28.72618006592372
28.72601553275688
28.725910948561513
28.72558716271144
28.725083326125137
28.724724402042167
28.723879838443654
28.723286789666417
28.722675389130544
28.722528843304698
28.722058985110607
28.721884059647806
28.721122664720752
28.72071374416814
28.72002725908728
28.71971849460337
28.718968310029762
28.718929005769173
28.718162981443307
28.718483874734424
28.718150325461163
28.71776507205937
28.71711779419504
28.716748618625694
28.716758274161037
28.716238359882112
28.715866841178944
28.715658748554354
28.71543711026627
28.714918934720572
28.715070291769248
28.714623305357545
28.714396806170896
28.713899254958683
28.713510086019713
28.71294291292851
28.71221796034719
28.711622311205648
28.710979982904917
28.71048478699068
28.709962055659048
28.709431432156073
28.70885442955752
28.708560684108026
28.708030170196366
28.707368474279136
28.70713344467326
28.706674435046956
28.7065374316048
28.706118409851413
28.706050125935537
28.705797169659846
28.705450547093967
28.70523796744196
28.70503441957977
28.70518694224632
28.70504051042846
28.70454322586989
28.70433885303031
28.703969460337536
28.703683132688376
28.703317134053922
28.703126056806944
28.702579142296997
28.70197920153773
28.701279518259227
28.700523281372448
28.699921988569756
28.699087300489957
28.698305384964854
28.697787812241714
28.69711430658711
28.696458504230144
28.695563496191802
28.694818983371317
28.694043139880225
28.69347612012764
28.69257226407834
28.69179293298864
28.690908857239496
28.690433550793752
28.689231992273605
28.68877899849751
28.68782758536435
28.687725347162463
28.686888764343884
28.686402741888628
28.685704013648923
28.68548916455241
28.685033341090342
28.68437500141251
28.683772246911555
28.683047373207643
28.68265050515859
28.681973553869177
28.681538961406243
28.680792610173647
28.680173798427496
28.679487858638794
28.67908750294909
28.67832388693358
28.677721370122285
28.677197245569648
28.676825974348294
28.676346461315475
28.67591322060524
28.67530075950456
28.674648006511838
28.67407667578582
28.673507582912695
28.67286161314393
28.672243307123694
28.67173351487611
28.67097789475983
28.670240757087527
28.669623018740616
28.668625426683224
28.6679918075003
28.66720821152201
28.666395920427824
28.665571934305074
28.664782618734648
28.663934612211918
28.663275466856504
28.662185560809608
28.661154918546387
28.66033764766741
28.659090436111132
28.658289074341955
28.657448015127414
28.656545332984322
28.65564617100835
28.654543757819518
28.65359353787951
28.65228309115711
28.651842930376226
28.650663373473254
28.65014412336547
28.649345219669257
28.64873891156315
28.64796848786178
28.647682094975497
28.64672375331527
28.646630479367627
28.646097887744183
28.646251684877384
28.646330255368287
28.646156689014436
28.645984924864084
28.645740327988737
28.645842428121455
28.645829013091838
28.645757865822063
28.645891730089566
28.645745807351876
28.64575049722275
28.645649490377387
28.645632050924284
28.645338285688375
28.64486384819021
28.644433910055696
28.64437449959031
28.644008159404546
28.644076189741583
28.644056939518848
28.643645207279068
28.643549011818394
28.64302521233403
28.64295040304838
28.64241399673017
28.642348013610317
28.641789695420137
28.64141972578833
28.641026405284098
28.640568784078585
28.640121534897126
28.639439182611255
28.639126870415247
28.638409470572167
28.6381395702311
28.63753344658837
28.63719781863713
28.636401181497764
28.635916383480282
28.635127377921616
28.634383764485328
28.633383438550094
28.632737434525048
28.63203723765566
28.631378882365265
28.630770222899883
28.629735661394406
28.62891785341528
28.627953705332175
28.62710961543201
28.626136936191827
28.625032305763934
28.624022014328
28.622979220051267
28.621570718574667
28.62055009063439
28.619263359909933
28.618007727774568
28.616782469111808
28.615812904260352
28.614818201119615
28.614065309390703
28.613356052669737
28.612326482169756
28.611115080827897
28.610280191487988
28.60936498642392
28.608448976385684
28.607437941362825
28.606888416413383
28.606071978150798
28.605397250638998
28.60421194023192
28.603635765632465
28.602561309791707
28.602376650660947
28.601818295917173
28.601638302877088
28.601131153445095
28.60070040285874
28.600537639656626
28.599976988873692
28.60010078108317
28.599581633862034
28.59933023824003
28.598947973757976
28.598923922544497
28.59867841184595
28.5985279206097
28.598325656769134
28.59770248755393
28.597244618177363
28.596713175781673
28.596211083912234
28.595511463717656
28.594646430741832
28.59423929960245
28.593508971657595
28.593001393748203
28.592254262394295
28.591698070512066
28.591110212885336
28.590586496817462
28.590341225792393
28.589947422397245
28.589383133740824
28.589004465861994
28.588400470407148
28.587900567335307
28.58709554823552
28.586425905121317
28.585813581797023
28.585090347067464
28.58442569858244
28.583833039164386
28.58342040530394
28.582803839507807
28.581933949341554
28.581305567301918
28.580740226236976
28.57999421022427
28.579266754112247
28.57832688548018
28.577737853597043
28.577016462830926
28.576457407440227
28.575806413559448
28.57511940248579
28.574464365440306
28.573734614532196
28.572855636565116
28.5719777907271
28.571047149036843
28.57015019867422
28.569204296229913
28.56878905740825
28.5676014743497
28.56670327252401
28.565919736125693
28.56518210421062
28.564148577049664
28.56388507842468
28.562659598312777
28.5627501334867
28.561486032967558
28.561724636528616
28.561939496564314
28.562447722498725
28.562718388167347
28.56317918371831
28.564078579345285
28.56459613387953
28.5651054437318
28.565973126321104
28.566728743391806
28.567316384262654
28.567792257949513
28.568319468464203
28.569085711213084
28.569457239051175
28.570094649559383
28.57037722246309
28.57085768333086
28.57135862571365
28.57190462506481
28.572442742204686
28.572690023460932
28.5730545441375
28.57333762091052
28.573401830620234
28.573576315494634
28.573881081430088
28.573876735009552
28.574083161216656
28.573949732737667
28.573751339791794
28.573710294671777
28.57341498267835
28.57345588466729
28.573127095840437
28.57341250737859
28.57282568997459
28.57273629871409
28.572272316593164
28.57228872061857
28.572135714026274
28.572170706940994
28.57226844952773
28.57211937538761
28.571964571974444
28.571606701630884
28.571402508286514
28.570747039615405
28.57073711514402
28.57063391326101
28.570510903276602
28.570205442440017
28.56973683119106
28.569504813119224
28.568953766167304
28.568554306030283
28.56809583672552
28.567820562556886
28.56738923442031
28.566635759240615
28.565874430879617
28.565039610389853
28.564574681754028
28.56380851783014
28.5631718169674
28.56239415805865
28.561506243037066
28.560827945682714
28.560074166841392
28.559128604848112
28.55821031142009
28.55766964972688
28.556888923470453
28.556081139782123
28.555156165458563
28.554437050249852
28.553796903237078
28.552775989333817
28.551667483397246
28.55048503154959
28.54984958566089
28.54869764612146
28.547794311943964
28.546571972004347
28.545843737411246
28.54496316269501
28.54403054126663
28.542973368718325
28.542186127099004
28.54106554935072
28.54006253082636
28.539118879713435
28.538163939838586
28.53750864272473
28.536731025902583
28.53592573654317
28.5348640881954
28.533733087673472
28.53280568035361
28.53200043281925
28.530645752437923
28.529452965411796
28.528226867135245
28.527239431308562
28.5260309272337
28.524764344693068
28.523680251400666
28.52255138529202
28.52147255213722
28.520102323788166
28.518922543176828
28.517698075794762
28.516375892907256
28.515254198766918
28.5140557293434
28.51294037303223
28.51162686319138
28.510707217367646
28.509904794666816
28.508841169140247
28.507702444747686
28.506574248955665
28.50553725461625
28.50460613737682
28.503743610032103
28.50235348837125
28.50151497708266
28.500287656464522
28.49981218149745
28.4986250053276
28.49855703464022
28.497787334644915
28.497683980593035
28.497414471873206
28.497978061251924
28.498305779573965
28.498549171423253
28.499116156826197
28.49926920697003
28.49990720994803
28.50007810940994
28.500849714707357
28.500926249167627
28.501039823520372
28.5010840274869
28.501042536788766
28.500980538689827
28.501010753650974
28.50067338967843
28.50065213311583
28.50037969188601
28.500057705607777
28.49967119443509
28.49940739866147
28.499279917698605
28.498983150883262
28.498527880000605
28.498139559170426
28.497669980276722
28.497116676948178
28.496580314734143
28.49625555888713
28.49576864953054
28.49520403139168
28.494599420933405
28.493649928580513
28.49292873974667
28.49235642412879
28.49172387957949
28.490908163083382
28.490326881995923
28.489572299238908
28.48858903053831
28.48781886457909
28.48711670831001
28.486515335336247
28.485785062048436
28.484838928505752
28.484435544852857
28.483446795182267
28.48292556244222
28.482431512290518
28.481764268044778
28.480900671109197
28.480345991757183
28.479500145170483
28.478592146954988
28.478052958746105
28.477135713424357
28.476662385566634
28.475734212541127
28.475022991368782
28.474083514197304
28.4734588174776
28.472668274170154
28.471907658148375
28.471226883181934
28.470388719678756
28.469806856218163
28.469056653948073
28.46842761574759
28.467449889822312
28.466999254678672
28.466101146646515
28.465479777524436
28.464564842277017
28.464266313573056
28.463480827168254
28.46299805946512
28.462541773204233
28.462151821486586
28.462041983439597
28.46166699568597
28.461527509567112
28.460911829261146
28.460711930049047
28.46054791574769
28.46008303278294
28.45964852436987
28.45929993016106
28.458662417857624
28.458175435234722
28.457865158917713
28.45741887957319
28.457304790473717
28.456708734720138
28.456154041687498
28.45578048397281
28.45524490460724
28.454892219071834
28.45419293238693
28.453849016884686
28.453453259456595
28.453117318717993
28.452699254599196
28.45187983574808
28.45123484530365
28.450551964686067
28.45031344052058
28.449608229664246
28.44906901971344
28.448518670542246
28.44785391059621
28.447253498347344
28.44697430758066
28.44634723416624
28.4460338379982
28.445493848538263
28.44511993033274
28.444566929140795
28.444404761669325
28.444002288250452
28.443341560986617
28.44289266694165
28.442302995823347
28.44165784762967
28.440951347210603
28.44034799796998
28.440104379122424
28.43939951518898
28.43903568145973
28.438481160256703
28.43785798364534
28.43699346468989
28.43607150785376
28.43535378702882
28.43459821115054
28.43406156188817
28.4332442094224
28.432741882059776
28.43203161443766
28.431419508699236
28.430638104121122
28.430007483858823
28.429532843541207
28.42912112340564
28.42831798361702
28.427511995262122
28.42646919148938
28.425781291248697
28.424907933554064
28.424185615818224
28.423577359351086
28.422642781458357
28.422116296896647
28.421475965460168
28.42085952769824
28.41985569895041
28.419138943682924
28.41795489606954
28.41718857843023
28.415950571306663
28.41583983800986
28.415007355082448
28.415550768282777
28.41481425552681
28.41525710777692
28.414973293171197
28.41494834017101
28.415180181580645
28.415257618164695
28.415787302296515
28.415857305202287
28.416419900997937
28.416349462072542
28.41667936267234
28.416829751619414
28.41690927003242
28.41728770053279
28.417467948675327
28.417587219971164
28.417932459036372
28.417790611233244
28.41781318326962
28.417634568256783
28.417404090984057
28.417070100309402
28.41696632147037
28.417152427631077
28.41695342160311
28.41690051664687
28.41643783986093
28.416133393114144
28.41580596110754
28.415643924960502
28.415287732278664
28.414497378185565
28.414034523668022
28.413413267341777
28.412958463515974
28.412511990853346
28.412408291261563
28.411714293970544
28.41110989741004
28.410803635306152
28.410260978479272
28.40985524415185
28.409575571474257
28.40905545201556
28.4085274456581
28.407926953529966
28.40721984014095
28.406876639447425
28.406331812072835
28.40575861598932
28.404884190677073
28.404437836128345
28.40348390331681
28.40289466610492
28.402003070767208
28.401260125754977
28.400360409639035
28.39962221531044
28.39915654296746
28.398821150212502
28.398129176594455
28.397347102559188
28.39659597851266
28.395908158255292
28.39540114129008
28.3946312110684
28.39404242800629
28.393275746971014
28.39268044146427
28.391905368533486
28.39115206683186
28.390334667811274
28.389766851676647
28.389034827473484
28.38824551459161
28.38767948151186
28.386943579041606
28.38626064403879
28.385374848532972
28.384701766167094
28.38390254896749
28.383342565823387
28.382365340737664
28.381801765409037
28.380816102170044
28.380598562449315
28.37969723674164
28.379466352102355
28.37862801874433
28.378292785773326
28.377776642026475
28.377380311202135
28.377090138688224
28.37681127945843
28.37644836633484
28.37602015023912
28.375570749074704
28.37522776695867
28.374711262384828
28.373904989223497
28.373732851297248
28.373081558265984
28.37284097278044
28.372308062133147
28.372217668160637
28.371644138345147
28.371525282162892
28.370643074921237
28.37080472044109
28.37034955016688
28.37055587678204
28.370670137724886
28.37053778084576
28.370575566560113
28.370181583456684
28.370187670003617
28.370028922626336
28.369668389227503
28.369807136660043
28.369682068842632
28.369839304633278
28.369923680713228
28.36994951939242
28.37005752298158
28.36995866802535
28.370026362081354
28.37015521790832
28.36992675902726
28.369962513133117
28.370243465653253
28.369894314994816
28.369776036142294
28.369575808378833
28.369297406166183
28.369117679651353
28.369032955324407
28.369016546285344
28.368572028318752
28.368365744846695
28.367913906455705
28.367468371988757
28.36676104057876
28.366097219151737
28.365448771273314
28.365014134776878
28.364178541364314
28.363509440432956
28.362825670691635
28.362392412456252
28.36171841126038
28.36132484354914
28.360593854602058
28.36029438734128
28.359429291833447
28.359223190723604
28.358205250274757
28.358164666453504
28.357672908273326
28.357433524990373
28.357166961561113
28.35656919839632
28.356325172113834
28.355462384846227
28.355234610101018
28.35488329844907
28.35475032966402
28.353864750351324
28.35386395294583
28.35335361061825
28.35303685177567
28.35239021919643
28.35234493225725
28.351987009836343
28.351202711063706
28.35065619746461
28.350147757673618
28.35012223912269
28.34965045470554
28.349575917772714
28.34906665805033
28.34887499995379
28.34856000770111
28.34818788339782
28.347648653149868
28.347308880127994
28.346799912192367
28.346332316381936
28.346027432518838
28.345402252834294
28.34474811231005
28.344089153523676
28.343732889178995
28.343119953805488
28.342579964203424
28.342057480619253
28.34134906909395
28.34071501031582
28.339677282590227
28.339023165228884
28.33845298139191
28.337995234093732
28.337059511215127
28.33632393378391
28.335395435300647
28.33473598855921
28.33338437833701
28.33249993838002
28.331093207214735
28.330797171101505
28.329720624398725
28.32920368003846
28.328269515625518
28.327836464705296
28.326975652592424
28.326354562361672
28.32587741800043
28.325183381088657
28.32474156543325
28.323783971593453
28.32360713086372
28.322761773171194
28.32248582944205
28.32210634926128
28.321867196408427
28.321230559744595
28.320586407540063
28.320108338180397
28.319515873760107
28.319136020060697
28.31852585964153
28.318099497399288
28.31740935666511
28.316871411900237
28.316150123760963
28.315632284783277
28.315064248352336
28.314565798772954
28.31392520506377
28.313386058595068
28.312710114593123
28.311930547643207
28.311153614495307
28.310822874352265
28.31002858576189
28.30935164657186
28.3090061602094
28.30809174306895
28.307522190739544
28.306455019876214
28.305796717018723
28.304844491164136
28.304236543293865
28.30347780578584
28.302924773811228
28.302371347225975
28.30216690129739
28.301674230365098
28.30135754259939
28.300802199904325
28.300828311881403
28.300274738080024
28.300310501221855
28.300085424758162
28.300033816914997
28.299553310609447
28.2994409542901
28.299271795527105
28.29935336154989
28.298951630963657
28.298804923164454
28.298847940656493
28.298603272162378
28.298445603180884
28.298084198721757
28.297890546076346
28.297753668271596
28.297657004598978
28.29713204323873
28.296873722869883
28.296156040288423
28.29593610003264
28.295187444448693
28.294962481045516
28.294379924133683
28.294005729125367
28.293400102540602
28.292948006617245
28.292455580698967
28.292172866310125
28.291459042932704
28.29085462252609
28.290257632520838
28.28974446946929
28.288862532921396
28.288285471796023
28.287654471666592
28.287248087659506
28.286206505939138
28.2856022984839
28.284774207548935
28.28398949962108
28.28348693948068
28.282695909672825
28.282098445544488
28.28161095400278
28.280801612094923
28.280270410237943
28.279081028807752
28.27835244303857
28.27737083121717
28.276770334382327
28.275824996439468
28.275314962192923
28.27443258487634
28.27378415119647
28.273297342381078
28.27266325984896
28.272277665583477
28.271589051475527
28.271027702423392
28.27064451601736
28.270394182271676
28.269925551501686
28.269408107520817
28.268615819044616
28.26814440895637
28.267458991513948
28.26666471649782
28.26593134242716
28.265111824792157
28.26459404096059
28.26359361068004
28.262991664173764
28.261919689096008
28.261394867906763
28.260366892228042
28.259402182025948
28.258224876666237
28.25779572761172
28.256592928647546
28.255874889096226
28.25464835393725
28.25398003903485
28.252745606307023
28.252411690390367
28.25137525997841
28.25094086537396
28.249890323101063
28.249947923735164
28.249337980899966
28.249758747328944
28.24939817554258
28.24986138282266
28.24986609676591
28.250213987569293
28.25090888402597
28.25131299198786
28.251559588349014
28.252236768024833
28.252465646904
28.252781855820462
28.253118961220274
28.253378155884793
28.253595357815946
28.253694243433216
28.253946095667132
28.25378899763542
28.253422863323895
28.25362144700094
28.253495999158748
28.2534573093271
28.25371355809436
28.253623921804557
28.253689542662364
28.25355851924749
28.253321209800504
28.2534724618085
28.253134496852873
28.253184385337967
28.25267967777243
28.25239342752071
28.252137436462146
28.25160465847674
28.251171815384563
28.250862777961522
28.250119954206923
28.249742704711124
28.24922085680605
28.248665314751
28.2479288745496
28.247523456762078
28.24710024074685
28.246740257641903
28.246285118262687
28.24602238667309
28.245731488728975
28.245175473932036
28.24492702282809
28.244223839423746
28.24352093801123
28.242947936899085
28.24235298601803
28.241578107922926
28.24085093362658
28.239913938398598
28.23945684307614
28.238633957420628
28.238479995380885
28.23799290772708
28.23743937664649
28.236830814415043
28.2366127246689
28.23596411621573
28.235678760378093
28.235231714770652
28.23506031436491
28.234554220949764
28.234194796474434
28.23385228368644
28.23321035513556
28.232516473286523
28.2318068652982
28.231368844886955
28.230814459172006
28.230621443143754
28.230022672555815
28.22961199012522
28.22897763312509
28.22879046927889
28.22824878418728
28.22776006031833
28.2270866388466
28.22639542904579
28.225606744019906
28.22494992676429
28.224687826931397
28.223610657081228
28.2230660084998
28.222248892318483
28.221810592830018
28.2209064516338
28.220446819786215
28.21977173802472
28.21890251847738
28.218024285506665
28.216940630334545
28.216277652924976
28.21553296612104
28.21473397639504
28.21384444925028
28.212983334714416
28.212010091546205
28.211004108667286
28.210279853119143
28.209601748058923
28.208688163943844
28.20814747504874
28.20703419143041
28.2063680889436
28.20532235591219
28.204608678847528
28.204299949528064
28.20337007148895
28.202886963096716
28.202269076815117
28.20180966180066
28.20123773742953
28.200327270060527
28.19963173159508
28.198829553623224
28.19843811533135
28.197685111072936
28.197084430824887
28.19604706111739
28.19558477511327
28.19450277378573
28.194380793753663
28.193394290071375
28.193441583217158
28.19290070969201
28.19368358261261
28.194237475777065
28.195080420065164
28.195630775771583
28.19657465952357
28.197778956377775
28.198661681637315
28.19942729811761
28.200190299832478
28.201339189512478
28.201914548560264
28.20301141951145
28.203827598553065
28.20434123220671
28.20550983812683
28.205904683685233
28.20727689669357
28.20802014250812
28.20884563254655
28.209883320693578
28.210716922849773
28.211630638769417
28.212133718257427
28.21297697034857
28.213223414092845
28.213944902983854
28.214583919553004
28.214968722738472
28.215503285458006
28.215915331984995
28.216482364479454
28.21681027107526
28.21726489726144
28.21771477503095
28.218031249103532
28.21857887946846
28.2187856414295
28.21892882468361
28.218843764258004
28.21849456630998
28.2183084090245
28.218011035797144
28.217903744960612
28.217781708715094
28.21754983578769
28.21749719872578
28.217139906591576
28.216657326823903
28.216384771708533
28.216075978303607
28.215903597723614
28.21562731536481
28.21520119992655
28.214593062322425
28.214061622354016
28.213442601974208
28.21286708513606
28.212387476859647
28.21162975475545
28.211210614566866
28.21060046370579
28.210185919911517
28.209413500312902
28.208913970019886
28.208417462710234
28.207844488327723
28.207641070655136
28.206794087095535
28.20627869990616
28.205472363923153
28.204768331557975
28.203912293179457
28.203206070662766
28.20225671560101
28.20132448376563
28.200491109222348
28.199423464128223
28.198783203566965
28.197799110080794
28.196879502875966
28.195842765867447
28.19518954487989
28.19423412063553
28.193445552355712
28.192455965395034
28.191788628882545
28.19107247818481
28.190033755647804
28.189533979886498
28.188604076922243
28.18783568839557
28.18670281057988
28.18607663886614
28.184826945979925
28.184155003924904
28.18314033698542
28.18235629345819
28.181355801657197
28.180583266954322
28.17981707556022
28.179374254054046
28.17866814052224
28.177859882279922
28.176837538367984
28.176014651679147
28.175359483778966
28.174903627061152
28.174275091750587
28.173130916874356
28.172354066220432
28.171346288696164
28.17079443138347
28.169572036019353
28.169059322598265
28.16787665112235
28.167288439723333
28.16626009275304
28.166217540441654
28.165733714640314
28.165631429191773
28.165981959551697
28.165948654784838
28.166119290107346
28.16573861210322
28.165850780467512
28.165616900790297
28.16551986993663
28.165310743360223
28.1649004609206
28.164554251759842
28.164269983939487
28.164246279676792
28.16389117516568
28.16339054453911
28.16296873467308
28.162805575289774
28.1627701802839
28.162317917340186
28.161765111086687
28.161211500863814
28.160516330979185
28.159732582719663
28.15922305395466
28.158293042177185
28.157656845458238
28.156948797586345
28.15637034382057
28.155820436661617
28.15498081780468
28.154502734671564
28.153742604133754
28.152918192115717
28.15194911698694
28.151182573137845
28.150021708084317
28.1491672941797
28.148264099062814
28.147594903588278
28.147108228540727
28.146349136647327
28.1454178846832
28.14466234748666
28.14398848077811
28.143192835647408
28.142218729530253
28.141363922577852
28.140541357357193
28.140263108457148
28.13972626347936
28.138737474777933
28.137701508149142
28.13648769731705
28.135721852491145
28.13443975896851
28.133623533773857
28.13253466386469
28.131215686674317
28.130027382481902
28.129090605117252
28.1280619851565
28.126993095934147
28.125890556539083
28.125084536373105
28.123914498977392
28.12262282029
28.121601082566134
28.120616273237818
28.11993764828209
28.118760871411187
28.11814118026522
28.116805352134282
28.116306240141682
28.11523019342993
28.114572223412488
28.113343386138947
28.113383140964846
28.11218246135864
28.11212210377944
28.111720822236816
28.11180741998963
28.111774426782002
28.1114759075583
28.111879187457056
28.111930602857065
28.11258247936101
28.112897642602846
28.113205129061576
28.113850199034122
28.114028400305923
28.114253051458547
28.114064853826754
28.11448849317319
28.114928222372573
28.115173030524065
28.11545324127906
28.11528852886851
28.11554379949145
28.115556856583087
28.115551559518256
28.115616801473713
28.115661774539156
28.11551723396038
28.115442959930746
28.11484043509771
28.114996374081286
28.11477503728687
28.114712902734375
28.114610716669088
28.114411275482034
28.114303175468883
28.114039501240672
28.1140312645193
28.113888507763946
28.113681233452535
28.113499004533065
28.11343735207561
28.113227186430976
28.112752407270698
28.11230971392408
28.112562554539213
28.112089733172525
28.11167530879218
28.11093690679856
28.11019503258113
28.109425541622475
28.10881835797914
28.108243956609265
28.10766501441236
28.107173975981272
28.106232802600374
28.105774493289886
28.10499538129684
28.104664171124817
28.10429341284553
28.103694170947303
28.10260125923096
28.101763956308112
28.100753671784187
28.100438922043715
28.099549515982872
28.09902442850263
28.0982464731858
28.09740264950191
28.09669455848519
28.095809152566037
28.095078675144194
28.09414495261665
28.093278421140987
28.092274526477606
28.09155873774207
28.09055621826896
28.089874931647984
28.088802543454257
28.08801771285632
28.086875834845443
28.08654377401617
28.085311363920948
28.08482153958535
28.083615242105736
28.083465798736142
28.082730106645165
28.08240595474228
28.08191983891943
28.081232852539216
28.080849698818454
28.08012241482882
28.079463119081357
28.078694265379927
28.077873236287427
28.07720305339648
28.076373994667534
28.075731685582817
28.075011332268375
28.074509625811103
28.073483734160646
28.072740144541385
28.072009934614353
28.071456810155414
28.07069653697347
28.069882816191225
28.068991078094214
28.068275512254313
28.067235038021412
28.066139513912923
28.06517952141523
28.06434227605221
28.063530587150577
28.062797843152424
28.061812552375464
28.060964460092393
28.060279898896816
28.059538943294623
28.058590773284035
28.057786166497742
28.0572135851949
28.05622414007398
28.05543295824085
28.054572238168998
28.05379458990846
28.052878754873486
28.052028994724605
28.051466861435088
28.050930456041492
28.050287762699032
28.049394708942636
28.048689369825222
28.047788044973746
28.047298418616155
28.046336385012005
28.045834749865865
28.044745461249384
28.04458602742862
28.043901236340105
28.043917137791535
28.04318890931944
28.043582796354354
28.04337689138558
28.043690422887625
28.043613621108467
28.044049980224063
28.044529997470548
28.044793152327067
28.045197396424626
28.045168596885617
28.04579752068538
28.04596081201053
28.046412536450553
28.04641779155693
28.046478533385027
28.046520230456498
28.046550776728303
28.046846341911788
28.046825673318345
28.04733144150343
28.04745659711778
28.0471979187177
28.047241110476023
28.04731488268761
28.04732095918183
28.047380494256785
28.047516015463057
28.047430131867614
28.047302787286192
28.0471217841178
28.04722141842924
28.047283619220877
28.046885701415768
28.046725138309174
28.04661760347402
28.046131074985983
28.04620944144833
28.045746879569677
28.045500553890367
28.04488029144001
28.0447778592482
28.04437846904169
28.044117230228515
28.04377314709232
28.043616262952476
28.043210294197923
28.04278994183668
28.0427391077686
28.042643210787478
28.042063931786906
28.042094917153854
28.04133513957588
28.04134039866995
28.041175959866536
28.0408860744374
28.040564993269285
28.04026373960014
28.039813271849564
28.039419258678638
28.0391211653453
28.03893204920427
28.03828058607502
28.038078073664433
28.03751254138845
28.03712634731165
28.036410863044136
28.036249500090648
28.035630898725792
28.035427012012022
28.03485109620308
28.034654572291323
28.03379681121244
28.03365901067024
28.032884535354547
28.032512126100464
28.032095981375427
28.03167204806318
28.031126342527738
28.030662232509528
28.03051293804436
28.030050320742653
28.029561038024152
28.029100589470744
28.028351864497797
28.02787103580912
28.027011229364916
28.02651973176927
28.025899423784008
28.02531832127189
28.024490612257075
28.023992708877664
28.022980033512045
28.022821753111277
28.021959594281295
28.021486409984185
28.020776535622947
28.0200293717196
28.019758494126812
28.019036058803742
28.018472892854803
28.017454961080052
28.016747855299702
28.016032588464228
28.015377152251546
28.014518356210036
28.014245492354057
28.013767220587695
28.01323710323223
28.01293678988168
28.01237991476966
28.01218679212367
28.011702180673073
28.011518488103015
28.010929269650777
28.010578119380142
28.010133066407516
28.009807048702417
28.009693803672565
28.009206037399363
28.009040124195728
28.008813955784518
28.007998209455337
28.007690414092007
28.00709508546239
28.006489361692438
28.005812204844986
28.005007825352415
28.004703889461066
28.00364563974059
28.003129315729915
28.002209796394006
28.0020074910554
28.001088578622447
28.000695228622554
28.000159452225162
27.999704003572713
27.999370320239567
27.999192366213535
27.998750669107352
27.99859316920096
27.998326362935853
27.997955865917817
27.99739866903026
27.996761660921692
27.99654527735992
27.995632489125285
27.995440681139684
27.994765973540968
27.9948259351232
27.99441876597793
27.994281986577747
27.993678511419063
27.993375035163453
27.99312071103399
27.992836496781717
27.992320587665212
27.992358092725862
27.991899838316407
27.99177227845543
27.99186300683971
27.991923964951813
27.991836058277674
27.99185015340875
27.991919836714303
27.99236335170985
27.992422153662734
27.99236803402735
27.992015837783462
27.99170518095536
27.99152616707906
27.99128685241104
27.99105450617857
27.991005080920843
27.990731529327068
27.990314555807178
27.989991947816378
27.989442367430097
27.989117589342957
27.98837499368682
27.988033344849367
27.987345416403624
27.98657438946186
27.98571462122367
27.9850462879631
27.98402704552526
27.98348041033848
27.982350250584084
27.98169140419639
27.980945411751588
27.97992458548284
27.978953542553167
27.978031047411914
27.97721817121517
27.976173480513378
27.97530058698328
27.974015437037156
27.973307455742003
27.97239836124688
27.971502762134683
27.97047092715943
27.97000429147129
27.968818074645945
27.96855306692776
27.96758161817687
27.966996362417007
27.96610913045815
27.96604662872849
27.965683849256166
27.965136845808843
27.96485027504211
27.964366707993097
27.964646414350334
27.96382214723778
27.96384290606222
27.963433828510414
27.963404877893243
27.96294335669061
27.962917874637384
27.962654677648587
27.96245138164156
27.96213415503994
27.961796104011718
27.961626584777775
27.961267849282795
27.961200371096826
27.960813323827274
27.960441791200434
27.95973020203178
27.95925140382879
27.95888786365703
27.958350210042433
27.958172297707577
27.95747601433171
27.956922393904375
27.956057045012837
27.95578455001507
27.955153646437733
27.954635482147374
27.95394748710176
27.95331050311981
27.95275036452628
27.952274769155157
27.951829023367427
27.951119866224744
27.950617718544216
27.949612946364827
27.94882395319096
27.94790196417673
27.947053023963907
27.945994784686366
27.945223769761093
27.944389884904073
27.943186260526545
27.94244806013157
27.941372482375733
27.940327208453798
27.939085184052853
27.938033848347903
27.93699762389659
27.93614032345004
27.93503403315954
27.93415516442058
27.933005946860987
27.93211541956904
27.93096291617804
27.92993368295932
27.929156418182313
27.92814677954086
27.927444138204468
27.92649273228559
27.925596196094546
27.924631241775106
27.923799791061896
27.922880191932382
27.922062512642427
27.921028140621637
27.920328331467882
27.918905908896427
27.918471766413703
27.91730082066899
27.916568002971644
27.915427097579656
27.9149686314939
27.91426591303376
27.91362308345426
27.912705112808194
27.912171941105125
27.91119211768944
27.911050524141835
27.910095422997983
27.90968524586031
27.908949563149086
27.908413295943213
27.908229942230744
27.907412193511718
27.906965871971828
27.906057183141847
27.90600394997056
27.905212936812738
27.90491412636555
27.904349675749188
27.90424928853576
27.90413718769985
27.903725327075218
27.903489846881882
27.903002930769752
27.902804259804846
27.902489223472593
27.902244652943814
27.902044173793144
27.901593892686027
27.90079465695548
27.900445983014702
27.90017597928159
27.900089434990374
27.89975437225543
27.899467896999145
27.8990707379254
27.898596778753966
27.89773591819263
27.897430484875663
27.896590043805055
27.89624344732271
27.89534198287633
27.895349211462737
27.894608656128366
27.894515855746995
27.894095248424165
27.894053753071965
27.893825009405052
27.893770662298024
27.89374091960245
27.893591596071715
27.893495024456016
27.89312349370237
27.89290015090909
27.892455556177005
27.8921613808863
27.891467556618746
27.891193336073936
27.890762659487564
27.890764909913695
27.890275185056144
27.890365112993003
27.889849316825543
27.88959795279389
27.889088547410008
27.888848040593842
27.88861618728829
27.888627961173906
27.88811882619995
27.88746538133821
27.887270215134894
27.88690022513117
27.88697330572299
27.88685417231126
27.886559445217735
27.886093594602883
27.8856644406641
27.885292819643546
27.884902834930372
27.88418206043334
27.883984812951287
27.883269257071554
27.883017244202655
27.882333448905165
27.88246863736991
27.88220390011538
27.88239238747048
27.881980817297286
27.882232589469513
27.881904856760883
27.881933585020118
27.882162838416683
27.88210354856424
27.88221040743729
27.882217783678414
27.88241423856018
27.88231817815069
27.882769832889384
27.882884016984832
27.88297153805622
27.883005591355477
27.883080702664973
27.88328408404454
27.882973314853036
27.882777331192546
27.882571892632647
27.882427237391415
27.881773203557245
27.881742763538817
27.881550547298126
27.8815610898554
27.88131254456459
27.880483536633754
27.88037926228174
27.880194055346735
27.879970431219895
27.87968763880288
27.879250723846674
27.879068007420624
27.878749468783393
27.87848682077561
27.87830015754202
27.877912980616326
27.877705303800944
27.87738758509211
27.877119117409997
27.876547642052824
27.876173780183354
27.875946780692225
27.875453735818567
27.87514674342058
27.874263765502114
27.874056530481287
27.873442259119813
27.873345435892205
27.87288006481788
27.873071107981996
27.87245615890221
27.87242053516394
27.872206783883875
27.87226579804016
27.87178662693136
27.87170495861451
27.87110473074079
27.870904966791272
27.870587158702893
27.870253632157954
27.8696772958883
27.869161105880266
27.868592602438817
27.868029585900466
27.867384447865973
27.866940808000056
27.866106291108004
27.865461003228216
27.86495131580316
27.864321718624495
27.863683416994505
27.86324940884691
27.862732946483284
27.86227240202924
27.861434350963545
27.860920718533567
27.859887793042212
27.859218891897054
27.85837674932571
27.857895425506086
27.85723026600174
27.85663045217561
27.855761278687506
27.85529127846062
27.85426438458174
27.853649378663473
27.852629720300712
27.852097164850107
27.851499053486428
27.85068244136765
27.8502322342411
27.849026852891704
27.848393743197107
27.847342540544865
27.846899306948277
27.845975369348853
27.845350303534154
27.844354725224658
27.843616323151082
27.842708747501902
27.842354949119816
27.841504080065338
27.841147369890273
27.84049354066129
27.84028497041797
27.839738063535655
27.839781571678785
27.839213356449196
27.839101763259965
27.83867100817855
27.83837742018829
27.83813666707111
27.837582438614486
27.837634586156458
27.83703233523239
27.83687247629384
27.83609796602006
27.835721120161963
27.834757029787433
27.834376417865304
27.833856708721754
27.833652277821255
27.833089753371837
27.832805939176982
27.83244180236715
27.83236389780793
27.831823012104117
27.831611465764325
27.83113139219462
27.831142917893334
27.830309424032485
27.830416776955605
27.829970627214003
27.830094280850076
27.82971064892004
27.829927428920342
27.829707070285824
27.829383658399355
27.829204660745845
27.829098893998797
27.82894228527997
27.82856949315078
27.82853741514092
27.828144058050157
27.82836826506449
27.828156923701176
27.828106625963823
27.827871023875325
27.8279871226229
27.827883835770027
27.82780835535287
27.827624584039462
27.82713955032292
27.82689436296508
27.826626638442107
27.8267542744964
27.826435333870023
27.82603108241032
27.825676462997876
27.82506447006221
27.82479976922737
27.82410542750988
27.823819356654212
27.823073427581853
27.82274951602975
27.82221475109087
27.821797853149626
27.821302917452083
27.82105168413303
27.820453026062847
27.820271196281162
27.81975697340986
27.81926079479659
27.818835622915724
27.818330780578655
27.81789324739307
27.8174609954058
27.816907646702987
27.816546396212484
27.81578436069461
27.81546336433728
27.814345000215926
27.813893831292273
27.81296569657488
27.81291079293036
27.81237799377849
27.81218977530354
27.81218799414051
27.812190064683236
27.811978940037108
27.81188133889686
27.812102201818337
27.812079676569933
27.811648627274877
27.8114241925277
27.811135209761574
27.81083709576613
27.81041298257317
27.810073080047104
27.80966184874142
27.809168812463216
27.808612897581696
27.80798705831107
27.80748013945219
27.8071359548348
27.80654086869388
27.805853609718465
27.805392610682716
27.804754027202673
27.804188128914898
27.803725232835205
27.803119026922985
27.802626000325116
27.80198192230689
27.801571897337393
27.80077111891535
27.800358985459855
27.799357367909177
27.799096012110624
27.798135759631265
27.797868810839162
27.79740710273252
27.797425530779336
27.79684623391525
27.797330921676718
27.7975535147085
27.798173675580813
27.79860210382873
27.799128483397823
27.79945431208506
27.799832196291607
27.799895608381327
27.80038574368705
27.800514376405346
27.800684277446145
27.800924890456432
27.800589235397148
27.80086081971541
27.800689684444457
27.801178028227753
27.8009546880635
27.801135796433822
27.8011649473059
27.80084121459413
27.800754236152528
27.80065951407227
27.80045757203455
27.800109136854307
27.800185297799814
27.799725104752984
27.79981810326806
27.79937988696178
27.798912336097597
27.798316345593626
27.798159894088602
27.797705027373514
27.797169716882056
27.796511880661715
27.79592827945074
27.795323541752488
27.794743421971635
27.79427633070599
27.793565872768884
27.79316293988973
27.79250678682434
27.791587788416244
27.79097678225941
27.79016397540679
27.789714583336348
27.78881640353304
27.788347079097218
27.78737768268715
27.787072114510707
27.786150738829917
27.786008646283683
27.785206331025023
27.785045194510793
27.7843571045492
27.784322528442832
27.783944764101616
27.78370295351123
27.78356580754093
27.78318306678741
27.78300085086288
27.782711461502117
27.782694329845228
27.7822428375675
27.78210457986981
27.781868595609982
27.782018711684685
27.781605735760884
27.781583457260144
27.78126989993572
27.781140991494574
27.78100255372209
27.780849200026697
27.780150453393958
27.78007283536937
27.77956726239696
27.779264080295903
27.778724938958103
27.77826261988272
27.777554724230768
27.77700421343856
27.776104744302405
27.775396537109266
27.77469179297436
27.774191073174133
27.773615507559718
27.77283904142908
27.772056371453427
27.771312187299504
27.771111116908248
27.77066936810948
27.770164160608218
27.76965426879222
27.76902740547632
27.768809949075496
27.768287598038714
27.76782534468253
27.767102764650886
27.76643172517341
27.765609931808683
27.765424463599615
27.76457434888982
27.76387865063787
27.762989485686074
27.76251491623865
27.762222015946357
27.761408149720936
27.761039489126162
27.76024217203519
27.759753389075435
27.759067514144892
27.758514882283105
27.757704003769796
27.75704015988271
27.756425078179717
27.756259469455443
27.755456892614987
27.755389831701258
27.754720721250216
27.75468367635856
27.75420471902438
27.753836375477373
27.753333038183353
27.753094964389817
27.752739136696015
27.75215421925435
27.75190509809907
27.751326783735138
27.751095308447535
27.750642885315916
27.75044912081046
27.749909812975332
27.74945453986956
27.749231125328855
27.748582030930788
27.748218998128177
27.747631910835032
27.747130179798454
27.746648796227703
27.745902101497386
27.745481648566358
27.74485602373936
27.74442776647561
27.743841703231006
27.743085118262467
27.74245154730452
27.741874608840785
27.741330931732264
27.7407740352609
27.740046649414055
27.739335389888712
27.738588220291792
27.73774391217232
27.73694657339547
27.736142731522683
27.735104632711767
27.73459409164529
27.73375335093759
27.73346338503032
27.7325390051032
27.73211000545334
27.73126342960284
27.731071718565733
27.730248173462133
27.73014735208761
27.729676186552336
27.729403758848797
27.729675959991557
27.729320776279867
27.72970409904408
27.729232519778826
27.72942085364116
27.728962180455913
27.72870237388272
27.72848768207787
27.728302603500573
27.728006618626612
27.72773759218375
27.727510279637944
27.727054425893964
27.727190472633335
27.726735650738917
27.726617097451722
27.72628004546271
27.726042526947534
27.725916031481617
27.72571330429396
27.725556523304647
27.724798069180757
27.724339851811344
27.723776127500393
27.723292931886814
27.722708353134532
27.722482715520968
27.722092482695146
27.721841145124927
27.72154564174286
27.72111595627492
27.72066610779541
27.719868499275524
27.719422130127057
27.718680176337493
27.717793435638953
27.716928348022574
27.716390977747828
27.71572709903704
27.714756325553765
27.713955510406223
27.712977808102032
27.712027657437726
27.71137570649263
27.71060840705026
27.7099128673197
27.708896069013115
27.707880445011455
27.707305662595545
27.706563010432838
27.705744457756328
27.705172671317932
27.704451352045922
27.703965604584578
27.70297000351004
27.70214595188741
27.70103597912005
27.700721565263965
27.699594581597793
27.699050139707
27.697803599991857
27.697824400050614
27.696868774850266
27.697163370287186
27.696565182656553
27.69767527452034
27.697887945437042
27.698582669697597
27.699565152930173
27.700187484768822
27.701338451056763
27.70207107020207
27.703097315411735
27.703931179184526
27.705039500349148
27.705791597322577
27.706593357699507
27.70762491887989
27.707927952675174
27.708717916041493
27.70881148876212
27.709643654461885
27.710422917690842
27.710887497904807
27.711528191591963
27.711862679410203
27.71245569363243
27.712780775037483
27.71346297576258
27.71389297136828
27.714359090309145
27.714890218058372
27.71527152826231
27.715238178985615
27.715489367414
27.715566291556502
27.71558381323065
27.715677964359692
27.7156460256475
27.715256525689718
27.71515313808743
27.71473585306564
27.714545455118902
27.71420123197729
27.713975498850946
27.713584555438686
27.713225462200906
27.71265121366969
27.712215395189304
27.711723375498003
27.711112903881833
27.710603508940306
27.709786170700426
27.70961350841716
27.70862957431273
27.70842444095713
27.70784208677926
27.70760566595582
27.70737560108136
27.70702947867989
27.707323722315948
27.706986192525562
27.706814133621588
27.706551273029397
27.706429511053912
27.706078617189892
27.70574748343417
27.705442953891417
27.70503290103436
27.704643288234383
27.704249991530002
27.70381648944692
27.703434726630675
27.702983791714438
27.70231641257311
27.70184316759067
27.701354353745362
27.7006659493803
27.69981891564907
27.698802637435307
27.69807123420779
27.6969946272999
27.69611286533951
27.695414727806597
27.694494625012787
27.693580237650405
27.69288549799832
27.691950038084265
27.691178538537592
27.69036293401761
27.689394779217004
27.688772142472956
27.68779269556212
27.686827040536212
27.685838940499675
27.685069252248912
27.683947571306877
27.683213386358965
27.682335329544074
27.681259503591207
27.680361819196282
27.679105836541062
27.67807716650758
27.676878912289055
27.675868913427255
27.674402873112065
27.673537979385134
27.672301073594035
27.67142409204782
27.6700864185282
27.669195484690476
27.668322736300123
27.667133784261107
27.66614360738628
27.665024551802993
27.664379684220176
27.663287473478853
27.662339646747277
27.66147349821445
27.660680145717315
27.65977924617725
27.65871836855073
27.658040200420597
27.65695056270976
27.65624229963858
27.654986230872474
27.654510975107087
27.653618710052307
27.65292736058326
27.65194230907362
27.651167964830808
27.650482477704095
27.649970582987432
27.649568605836663
27.649053492722224
27.648426647351776
27.64781504280809
27.64741589609379
27.646529040596008
27.646114491926067
27.645259019667172
27.64500583044842
27.64425978679341
27.6437972339477
27.643155940619735
27.642630559021466
27.64200605571662
27.641199965974167
27.64089211149954
27.64011221305347
27.639825588630792
27.63890337318477
27.638556890784635
27.638218664109186
27.637429560183833
27.636836187757513
27.63623636828313
27.635847983183726
27.635226415274538
27.634780537787606
27.63348031570933
27.633035721042067
27.632370427625585
27.632334016257243
27.631761239108133
27.631333237535102
27.63053754478904
27.630395007966676
27.629969186440842
27.629556005778603
27.629497392052137
27.62915976378053
27.62939379730126
27.628891197803323
27.62888954425722
27.62865643037931
27.628834870196496
27.62874013164491
27.628944447577297
27.629108226707068
27.629433799283476
27.62950518234898
27.629543601208542
27.62956126765024
27.629489725786442
27.629853440905883
27.6300694424255
27.63021632060324
27.630044816888816
27.63029041589744
27.629768302278805
27.62949887346471
27.62914873787771
27.629000548255416
27.628640152716606
27.62801139354992
27.627595240411637
27.627153778802196
27.626737507320097
27.626134016587372
27.62598524082192
27.625613691239373
27.62538800155982
27.62480226815676
27.624649874936715
27.624133389690414
27.62364154577453
27.622957931397174
27.622277753116524
27.622281355232758
27.62148343603442
27.621220948580536
27.62041785109652
27.620251032826793
27.61975175567229
27.61930469497029
27.618803463541717
27.618204081153323
27.617748847006244
27.616819437988482
27.61611842755476
27.615367209973254
27.61442350525464
27.61390443216866
27.613434445160628
27.61290638360926
27.612657569968068
27.611681305372883
27.611219722451192
27.61037943904972
27.610465055078457
27.60973739418445
27.60941112397079
27.60885068940414
27.608871013187198
27.60836306118945
27.608217994554654
27.608003203830698
27.607621628983697
27.60743698775762
27.607183136422037
27.606811059991394
27.606550664327216
27.606545170060798
27.606224468078615
27.60597485518682
27.605767851844526
27.605738698019238
27.605202819134554
27.60492040285039
27.604394096435108
27.60405888176149
27.603341870775296
27.602902572569885
27.602390031874254
27.60210054728909
27.601368885904158
27.60096449903127
27.600292127234912
27.599616061543397
27.5985397787526
27.59808178308926
27.59741436057432
27.596844420015106
27.596085430258192
27.595506183220486
27.594928416512403
27.594802064089293
27.593909571030064
27.59366632801672
27.593179591098934
27.59261287419929
27.592376371170666
27.591717427250213
27.59126514930632
27.590757732412566
27.59021346550125
27.589936732268725
27.589524986152995
27.589180729019994
27.58851417748495
27.58803663115478
27.587487304618747
27.58663089794397
27.58620037401798
27.58545955275273
27.584702134022873
27.583816172354112
27.583185669415855
27.582488971222748
27.58179872765985
27.58104090312351
27.580592416369566
27.579907262073213
27.579371574077378
27.578136574425574
27.577643448474596
27.576817409689344
27.57639995833089
27.575290118899947
27.57529474645491
27.574284330082094
27.574289969288913
27.57386546571083
27.57388637429854
27.573853815656793
27.574011156225772
27.573969245068582
27.573878969924696
27.57421738433218
27.57411520806205
27.574656359862708
27.574572285548264
27.574641993995087
27.57439675952543
27.574584558735747
27.574584183888916
27.574574952870723
27.57449611999178
27.574381523805407
27.574397429715063
27.574178871942976
27.57411908842395
27.57362036655052
27.573510046242298
27.572936263286906
27.572943924726523
27.57233969576594
27.57227076280944
27.572066802727726
27.571696442014137
27.571359463518668
27.57078374701541
27.57069188502109
27.5701299253954
27.570309720079337
27.569924655751365
27.56961052174372
27.56923452038987
27.568945617965138
27.568316816229043
27.568027342909794
27.567744075151644
27.566944946004824
27.566533919990025
27.56608770043585
27.56568598377747
27.565216385145206
27.56467016630703
27.564152761706033
27.563399403660984
27.56262525970694
27.56162967630958
27.56101007852446
27.56030552413992
27.559753347157603
27.55856120164949
27.55831351908698
27.557229831944596
27.556352865796548
27.55523654063992
27.554361777684466
27.55363108324634
27.552575588049688
27.55202828268498
27.551167581388363
27.550534555983546
27.549853447925
27.549169947548208
27.548451478617043
27.547837532568657
27.546889615142547
27.546465952464448
27.545670477305144
27.545528636702613
27.544880744956373
27.54486431519883
27.54439124143998
27.54422516242963
27.54395321262457
27.54375637747049
27.543404234179043
27.543112617167836
27.542885880552387
27.542464790702994
27.542003169804197
27.541450339239397
27.541043304335645
27.540368431482364
27.53996367904872
27.53910514163252
27.53853762478901
27.537527492172632
27.536994433795954
27.536071985867125
27.53550224100784
27.534930701493114
27.534299867129203
27.533917190741285
27.53318692629916
27.53249769988971
27.53169358576422
27.531030903002073
27.53031204375062
27.529531835876657
27.528831434368687
27.527934328123127
27.526961137981726
27.52642959699891
27.525571813524394
27.52526834581722
27.52426226177007
27.523851855253426
27.522869464157466
27.52241392137561
27.521683802422604
27.521230296218135
27.520380705577008
27.519963897605855
27.519044925486888
27.518471542494094
27.517587653077488
27.51702875352749
27.516426280380596
27.515953983074528
27.51560631514055
27.514792289010796
27.51449963894195
27.513869101113503
27.51350821894853
27.51276091947652
27.51230852007554
27.511941847066332
27.511301858722415
27.511111044642963
27.510547453084733
27.51038897671119
27.50931716948625
27.508907890004203
27.50821891812267
27.507752461981116
27.50722676051318
27.50643394986278
27.505944673362283
27.505640373859563
27.504904518899057
27.50444301138552
27.50409722391659
27.503501787805263
27.503089789558235
27.50255561175215
27.50228722132622
27.501893423204002
27.501711102405032
27.500904087968408
27.50042656747063
27.499693401420725
27.49925941212001
27.49837948621384
27.497740677841843
27.497143853356082
27.49701571887475
27.49652237256294
27.49669716292744
27.496214260113803
27.496233981996117
27.495741619380535
27.495616387016042
27.495810512274595
27.495811443390963
27.496165330808907
27.496033196253855
27.496091011933174
27.495924310679392
27.49575544405546
27.495558964477436
27.4955615818265
27.495447187154845
27.495739791341958
27.495499685754417
27.49570963849427
27.495178526518778
27.49525444732481
27.49494832448432
27.49510794037366
27.49456113028627
27.494635745359307
27.494424975119216
27.49419965437793
27.49400825116689
27.493946133217403
27.493571248698313
27.493743165674324
27.49373043320475
27.49403200353975
27.494090407288073
27.49373813853174
27.493729259698746
27.493584521561534
27.493466359675192
27.49328047039047
27.49326105292305
27.493281879044158
27.492998950881805
27.492838432512503
27.492635561579476
27.492339547988436
27.492218349469887
27.491589664257926
27.491580363567365
27.491250428550412
27.49106685729243
27.49065628132861
27.490215654213856
27.489974316805533
27.489817049794603
27.489328558544184
27.48898500824065
27.488751205056058
27.488383393663437
27.48794914127885
27.48728844150531
27.48674654859006
27.486403522194315
27.486051566066596
27.485648722437812
27.485150134263332
27.484202543342295
27.483903698647815
27.48296714804109
27.482629748009533
27.481945672602652
27.48159678867772
27.481227238352744
27.480852197113176
27.480232850437343
27.480256646971895
27.47987494756177
27.48004929167542
27.479678356239713
27.47955659310714
27.47915933516004
27.478925643399656
27.47863050132853
27.47802013788773
27.478026144458077
27.47742957122853
27.47674984137852
27.476180607676
27.47549972753763
27.474641536440245
27.474006895920127
27.47334409745536
27.472811595192205
27.472025255063436
27.47155503577778
27.47073240698274
27.47005290995456
27.469005226203045
27.468584499568255
27.46767728930461
27.467396782893015
27.466669887641896
27.466344057039347
27.465338307798124
27.46507166393194
27.464234945367018
27.46376138450255
27.462828531069952
27.462507421879412
27.462380055286722
27.46168528252884
27.461110798738517
27.46050090477452
27.459940169355814
27.459310141047844
27.458991320137606
27.458322095839094
27.45805148453907
27.45740058000915
27.457434243719973
27.45674036753041
27.456443678900314
27.455909455086772
27.455832773326193
27.45553155907016
27.455409280626437
27.45493207919132
27.454622204961623
27.45396943075413
27.45314835903523
27.45255782074191
27.452169496066794
27.451269172210786
27.450822941454234
27.44997545309579
27.449512723324723
27.448868309206706
27.44805821092427
27.447261949632637
27.44620907174651
27.445224550513426
27.4444252411654
27.443831474382577
27.442800937646066
27.441991374985477
27.441043611324886
27.44014054559274
27.439349789622515
27.438114400108983
27.437348712902505
27.436322699319984
27.435976068109017
27.43483409369405
27.43442811741381
27.433513236320955
27.433462481143764
27.43234112754471
27.432331439764866
27.43159405113747
27.43193393863971
27.43160088206541
27.431669533525834
27.43186423793693
27.432145949226072
27.432663923601872
27.43317045291194
27.433624363205283
27.433952796450125
27.434385346960447
27.434584922091013
27.43479750060338
27.435118265265245
27.435434417833214
27.435600707678557
27.435939952075916
27.435888465930347
27.435703196125427
27.435616936821884
27.43537845627688
27.435253063382717
27.43500969253532
27.43480200224937
27.43442583145052
27.434465702457228
27.434160427958663
27.433931624567695
27.433530503317627
27.43345276257354
27.433217455507965
27.43301784108381
27.432720309003038
27.432280332240904
27.43210680414396
27.43166338382153
27.431390991405674
27.43095751365849
27.430197740221924
27.429646227296338
27.429285301228575
27.42880105016571
27.428385481092093
27.427837904567877
27.427091282843556
27.426646968895486
27.426022646685407
27.425110110951998
27.42453435015145
27.423829806942305
27.42365827766824
27.422661976398658
27.422461687400258
27.4218532027291
27.421455380643316
27.420352348959987
27.42013104940809
27.419184263741222
27.419180690959916
27.41850948161053
27.418601057425505
27.417846823865588
27.41782649800278
27.417260938555756
27.417135898099964
27.41697767300822
27.416725535851583
27.416585557030338
27.416384316139478
27.416297989993165
27.416029729817293
27.415913334097716
27.415688222584762
27.415847377636666
27.415732540826966
27.415585285222765
27.415637853159712
27.41532761352712
27.415181265102753
27.414818042374524
27.414670285054118
27.414296499329268
27.4142867904823
27.41380362894336
27.413937328194784
27.413211448440403
27.41336102802755
27.412981594716538
27.41305549627739
27.412952229271433
27.412953296146448
27.41261444269998
27.412185276317548
27.41192356858617
27.412126647243827
27.411802763899846
27.411364524689862
27.411031181536387
27.410726433200495
27.410491036133642
27.410195984803686
27.41000443837297
27.409575668604287
27.409277528167628
27.408876414693786
27.40844322505029
27.408070332134717
27.40764458649887
27.40710010459467
27.406634271177012
27.406060544761836
27.40544448016136
27.4049504985468
27.404479961771365
27.40393236760798
27.402884249092374
27.40243836848915
27.401779080487955
27.401615443044598
27.400635554905115
27.400466440200706
27.39998662059317
27.399765181301923
27.399296222892065
27.398908083718965
27.39848859746949
27.397880696283853
27.397563123625638
27.396970312963145
27.39652284322165
27.3958200349404
27.39510279380137
27.39470044183653
27.39383059179659
27.393313245747187
27.392662438347195
27.392177154871572
27.391193450476212
27.39078307571804
27.390135254898155
27.38976264566282
27.389163947378464
27.388465925232133
27.38762747151239
27.386769410408917
27.386112015498245
27.385235028807614
27.38504562629016
27.384202038868178
27.383671005388862
27.382722774237457
27.382319487049365
27.381618897223046
27.381179435170427
27.380564515656232
27.380054811836626
27.37917981485216
27.378937747004628
27.37822734476664
27.37782806066815
27.377023061789657
27.377005585165524
27.37605982571442
27.376065540302108
27.375275832982773
27.37541407065205
27.375021767894737
27.374959397641053
27.3750029360086
27.37497822473096
27.375113708091337
27.37499966283535
27.37536908704527
27.375061745350138
27.375242376277455
27.37513503114013
27.375116272679566
27.37472155055797
27.374831788060842
27.374915266340007
27.374915120359653
27.37497005899396
27.374924784492517
27.375157036318683
27.375063850467054
27.37528271310296
27.37513943460581
27.375218660827358
27.37530039761015
27.374844113026104
27.374465951977463
27.374350195056035
27.374129649885866
27.37419255292378
27.374246367144693
27.373956621888627
27.374005191223354
27.373869084989785
27.373519097656455
27.373075635985032
27.37307184705096
27.37287735639466
27.372951381513854
27.3725888228118
27.37266579259851
27.372215900282534
27.372215171098656
27.371834497872953
27.37171816445564
27.37174866614613
27.371204737065998
27.370642486007334
27.370263036999376
27.36970623146251
27.36947697420174
27.36890363383809
27.3683740144352
27.367791160678255
27.367432792992012
27.366793441084823
27.366606965006977
27.366019892883674
27.36573869082251
27.365257007569006
27.364805786237405
27.363991843797905
27.36348416965821
27.36282529820102
27.362186985630625
27.36187326623668
27.36113122053799
27.360848940635197
27.36013501196863
27.36011708229254
27.35917494761733
27.359378122817184
27.358959813928976
27.359058340449913
27.358941084640378
27.3590957303178
27.35892486304577
27.358900839797386
27.35912781351977
27.358988248454708
27.359074557900446
27.35870860919588
27.358926053620237
27.359090041876478
27.358700788112028
27.358547755510738
27.358309820079327
27.357873770907155
27.357314363304482
27.356954384186814
27.356115662963283
27.35599396746482
27.35517937305831
27.355041286157665
27.35431330487357
27.353907424364515
27.35347628409274
27.35328156683174
27.35274504486484
27.35209023745758
27.35151397015445
27.350577466640207
27.350064700841912
27.34955809696296
27.349141239855275
27.348666840899178
27.34807253485597
27.347588106581377
27.34701366404304
27.346763951206206
27.34628199158702
27.346053454440966
27.345030293263765
27.344857711271075
27.344207624653507
27.343978962772514
27.34350621697619
27.343215090834136
27.342778603499347
27.342292412017294
27.342165353166408
27.341671689572063
27.341232010891403
27.340952477855005
27.340842615407603
27.340392572736953
27.339982821805147
27.339405948436372
27.33905963099677
27.338170140891865
27.337420948249086
27.336742103423507
27.336163398291518
27.33568455692259
27.3351747052999
27.33448097976661
27.333691590689135
27.332987802877454
27.332143097591583
27.33155608475522
27.33070258328876
27.33032092773928
27.329371795736492
27.328901463308473
27.328423721784027
27.327700133582983
27.326892555896872
27.326325588720866
27.32563910475262
27.325071764726392
27.32424670790243
27.323505669272514
27.32264680692616
27.32178433947506
27.320861003083678
27.320166052793965
27.319302375319726
27.318763883057624
27.317850654853334
27.317418003065463
27.31642366661642
27.315839102531775
27.31476423345525
27.314160527245107
27.313100697686835
27.312525626280447
27.311635538254407
27.310870947835344
27.30992999648626
27.309278895019094
27.308622000048757
27.307673163290236
27.307028687680827
27.30638333935733
27.30560938346022
27.304802405424823
27.30440423493715
27.3038969169453
27.303220442180415
27.3027900631835
27.302165404889788
27.30164566913352
27.30072229731767
27.300402823878667
27.29971396124144
27.2989763146226
27.2983296759238
27.297544435752986
27.296684228418084
27.29610132305026
27.295201206326745
27.294675590755794
27.293483382019513
27.29298195551909
27.291655236941143
27.291449385374356
27.290313443609072
27.290292966757423
27.289411600695203
27.289910802021854
27.289864662230894
27.290689855831964
27.291176006014485
27.291786035366083
27.29294768821837
27.293414321941803
27.29463971757363
27.29489608161682
27.296018200275416
27.29677954869803
27.297564821510967
27.298845668201164
27.299589127759848
27.3009768227245
27.30185965283679
27.302833104490798
27.303877458727452
27.304364158562887
27.305320942438115
27.306131631245023
27.306828611062524
27.307497776709745
27.30809902122686
27.30867320224236
27.30905016305806
27.309400439468096
27.309594299353165
27.3099210294091
27.309917278072792
27.310108099407458
27.310121034559867
27.310367323669865
27.310170293858484
27.309963804140942
27.309721927380252
27.30976618124148
27.309274967786152
27.309004058216
27.308622129386823
27.308380426105508
27.30787827274355
27.307413843120678
27.306839029169364
27.306171778522582
27.30564983081488
27.304924483575697
27.304307164415356
27.30356232345329
27.30290269780525
27.3024023071672
27.3017700453636
27.300921984777258
27.300048597115737
27.299649468677757
27.29880338154537
27.298500874238428
27.297646988616098
27.296885649748084
27.295902808110604
27.295132815497162
27.294378798613504
27.293556489172502
27.29303105375605
27.292155103930607
27.2911147519449
27.290107302833967
27.289240481452733
27.288350804615376
27.28745124784231
27.28649296704217
27.285787277202708
27.284912939400094
27.28414672905776
27.28326943898614
27.282063547555545
27.281646155102656
27.280663335064126
27.28024504885451
27.279382449485855
27.279113178864023
27.27832747305625
27.27802859536848
27.277236841658272
27.276616636566644
27.27586585211299
27.275271187349553
27.274969347919566
27.27431202161316
27.27413033479751
27.273253118613987
27.273044079584693
27.272340504272208
27.272074072091815
27.271620889909215
27.271531653182365
27.271279532806417
27.27123331859506
27.270759715143967
27.270141375941222
27.26960225740996
27.26902609305233
27.268678840961428
27.268113525799677
27.267767717369683
27.2674879527975
27.267102678608328
27.266726123161394
27.26648365251874
27.266333242110896
27.265843408105003
27.265337590808777
27.26471260116287
27.264353942337422
27.26389235606401
27.26342987765639
27.262835511804646
27.26251381786934
27.26185347553362
27.261585314282655
27.26116255027931
27.26072439097194
27.25991793681601
27.259508166086288
27.25891318701968
27.258484201027745
27.257972012546496
27.257579862182524
27.257162618869945
27.256411225025694
27.255875483036057
27.255306733072228
27.25470760266007
27.253916793928017
27.25335467563266
27.25266593793647
27.25184332722162
27.250829548873256
27.25038187093172
27.249189916162813
27.24887321195603
27.248061244360265
27.24778800583634
27.246889027514655
27.24693612991244
27.246204900895048
27.246282583391267
27.246041444727208
27.246338824731318
27.246537360771757
27.246570347163672
27.246951697089656
27.24718178007749
27.248046059397023
27.24848502494543
27.24901082432273
27.24910881699053
27.249660486184037
27.24978366862901
27.250123189956494
27.250368066133206
27.250711562588116
27.250867426153782
27.250975654607473
27.25118468108217
27.251088617571988
27.25097839605685
27.25084180158616
27.25052582788655
27.249976878424835
27.249745598927912
27.249054547031225
27.24842283104591
27.247891782280078
27.247139634548944
27.24683772450249
27.245959445712824
27.245610426790797
27.244678415984588
27.244115712947078
27.243196723075176
27.24290809267302
27.241819741659363
27.24136275701239
27.240916291160964
27.240550804930077
27.23996709338314
27.239705570143606
27.239038271741478
27.238267713434556
27.237772362833216
27.2373304491883
27.236640178644652
27.236035901290975
27.2355153005115
27.23498882561603
27.234479315783375
27.233810160074935
27.23330227418504
27.23252142720936
27.23151215993962
27.230779475498426
27.22963391134492
27.228991150429913
27.228049556851698
27.227590163293648
27.226583331339555
27.22613475255927
27.22509728526333
27.225152908098657
27.224488352457065
27.224699746546893
27.22435749734787
27.224021557191335
27.22412927843518
27.223941977976924
27.2240482977898
27.223766522554573
27.22363810425005
27.22338319670161
27.223195279915963
27.222871542355772
27.222640823085133
27.22224405795324
27.22205805968628
27.22173336898105
27.221452857831608
27.221314051421587
27.221153762666678
27.220904030793847
27.220787009137425
27.220582666601384
27.22010263837651
27.219631873643863
27.21907076567796
27.218505744031333
27.217994722230134
27.217168118078625
27.216961480995923
27.216158331185877
27.21539821136
27.214620458383393
27.213902863626842
27.213023593417482
27.21245536497865
27.211865538638904
27.211231521437277
27.210453851345186
27.209851528824327
27.209112851927152
27.207992099305592
27.20722785831871
27.206837352168037
27.205994658923387
27.205429352237708
27.204459876112708
27.20375776026694
27.202938615772
27.201891768174203
27.201037752585332
27.200024126427866
27.199309601370732
27.19839128094722
27.197722019957524
27.19635974382918
27.195857327611535
27.1949206305665
27.194275859851928
27.193240393981206
27.192661859059093
27.191662484360968
27.191616356137697
27.191101319275617
27.191449484616797
27.191104907795655
27.19134478828948
27.191105761944314
27.191328358001634
27.19153379935716
27.191829071744777
27.192204196419794
27.19221241699018
27.192326004773935
27.192259189187077
27.192292700906844
27.192351043455695
27.1925453412916
27.19252089433132
27.192450841991814
27.19225416692028
27.19189614873573
27.191508644967666
27.191163201010447
27.190833837776296
27.189949529946613
27.189734308701713
27.189158481588667
27.189145340789665
27.188709320546582
27.188702652581625
27.188455242578012
27.188484455083795
27.188011665492297
27.187712477148608
27.187258113749934
27.18710715083754
27.18636870653146
27.186231218527027
27.185720328623905
27.18559667164683
27.185222642442
27.184495913775073
27.184367791459742
27.183638818876133
27.183426444283953
27.182489440191926
27.182454842651296
27.18161177760059
27.18146483216504
27.18096365067263
27.180681964585
27.18050112076515
27.180458615568806
27.18010214468471
27.17989845412445
27.179648760390606
27.179254823068455
27.17911637607445
27.178505119643898
27.17815754149724
27.177563074061958
27.17749201250809
27.17738011171423
27.17727902948837
27.176866586750382
27.176381622988742
27.17579465343515
27.175271652088565
27.174873786000035
27.17420279430352
27.17403197826541
27.17344057658078
27.172989184175492
27.172014789871866
27.17190672017109
27.1709916122437
27.17091212352105
27.17063667508517
27.17015374803591
27.16998123475328
27.169924936523955
27.170115338985887
27.169772872866066
27.169695529188385
27.169261160322165
27.169234516540293
27.16902564106576
27.16892288506594
27.16868444671604
27.16819357419514
27.16773178493803
27.167502748924754
27.167303821428156
27.166770480804253
27.166298711936143
27.166081519829312
27.165812773824186
27.164963303001773
27.164534235286695
27.16370292461032
27.163616480368944
27.16270378587923
27.162897170781967
27.16220425579018
27.162085411762913
27.16157590414108
27.161561697491354
27.161209250660935
27.16118138809162
27.1607299367466
27.16041833770879
27.159910267407824
27.159652508638253
27.159505298085808
27.158778294130308
27.15867899012459
27.158023146967047
27.15795096911095
27.157616285703043
27.157689466955706
27.157513479235664
27.157293770101475
27.156967261576508
27.156713823125468
27.15646620930434
27.156158040308167
27.15627487337141
27.15585713613293
27.156004503796826
27.155508021188016
27.155110876274957
27.15476265298377
27.154462318382187
27.153868149722754
27.15336562390368
27.152738329684784
27.1526972246157
27.152123160819762
27.15190200261889
27.151389461002985
27.151287257953335
27.150982440413493
27.15087919197313
27.150604107800362
27.150424731816514
27.150187530485677
27.149806145330718
27.149494011847576
27.1489277150244
27.148640573804272
27.147917567830543
27.14781795306355
27.14715685460692
27.14720807164897
27.146478457414283
27.146555925637763
27.146031711120813
27.146366441910203
27.146209806829596
27.146313681287886
27.145955069888394
27.146040647903522
27.145981106913503
27.145980973944013
27.145784937757153
27.14598059337794
27.14611377220134
27.145740644026336
27.145588150070935
27.145048413833024
27.144773057277657
27.144216411313245
27.14396046635734
27.143831110755915
27.143628153298064
27.143197248318955
27.142493573686014
27.142183631735097
27.141529170519433
27.141184336443036
27.14011514459507
27.139766513823815
27.13895165335269
27.13875656465108
27.138043870248758
27.137683960649525
27.137339447048
27.136962924987017
27.136435933220852
27.13600231957976
27.135612547692396
27.134816179098678
27.134138848654715
27.13362341327029
27.133433340812758
27.132872398014975
27.132684660140395
27.13184775405313
27.131578639969764
27.13081944960972
27.130400972142045
27.129988593559137
27.129374997607222
27.128552557424843
27.127796529254656
27.12697908091403
27.12647899744414
27.125839050127958
27.125193113549454
27.1244361028919
27.123554136606973
27.122949561833845
27.12211520023284
27.121227572228435
27.120787654500273
27.120023267086335
27.11943597747237
27.118641623794147
27.11798344840833
27.117410726884344
27.116577675582395
27.116127032197088
27.115420107216416
27.11482024459896
27.113770825873775
27.11333879146774
27.11257965240773
27.112589527117507
27.111692420530456
27.111864801238067
27.1113414468617
27.111155206434443
27.11066350580916
27.110476745240767
27.10997997662671
27.109861447533973
27.10985708763253
27.10948239657438
27.109473157993836
27.108915926965963
27.10895657817747
27.10851149063881
27.108520644641313
27.108025246409795
27.107701471285658
27.10715685486337
27.10706306755021
27.10649750689015
27.106290062103966
27.10596218855322
27.105817220700228
27.105288485166355
27.10487357353285
27.10464538147022
27.104041506852816
27.10392029286265
27.103136948639627
27.10275423832077
27.101947629122748
27.101958754950314
27.10122863957554
27.101136164725656
27.10048570613288
27.10073850454271
27.10063209466795
27.100867157364306
27.10058123705071
27.100818991121486
27.10061665885862
27.100781062721527
27.10085716627458
27.10053872015682
27.100503067592147
27.100075949325877
27.100005311621054
27.09954626549994
27.09929458812926
27.098971880330993
27.098568984875012
27.098239918717553
27.097930223859727
27.097376198005293
27.096770431729578
27.09654226081303
27.095933021170772
27.095658967890706
27.094969375995596
27.094542587919737
27.093765729989038
27.09304314597346
27.092326463304847
27.091825201507778
27.091244275828576
27.090790017340495
27.090169111324883
27.089337856719258
27.089043716244085
27.088281200928076
27.087982085887088
27.086931226162235
27.086974436002734
27.08626072345663
27.086387298372678
27.08569336371894
27.085358378704033
27.084729296857972
27.084874483101924
27.084638785600475
27.08445938161074
27.08444466947162
27.0843207316611
27.08445870237989
27.084374447664317
27.08498792538112
27.085032044251676
27.085150023750767
27.085236097914297
27.08493886653175
27.084966854059836
27.084952636896386
27.084905818960607
27.085004893988483
27.08467234921723
27.084456650276877
27.084155834964527
27.083898802099313
27.083623352169298
27.08350976190426
27.082973231447696
27.082833684118818
27.08238478684512
27.08221167576751
27.08193741873842
27.081582265122957
27.081211912198945
27.08066823215383
27.080335740298246
27.07989681754174
27.079357984964357
27.078798571224283
27.07817681842436
27.07727062794975
27.07662771848671
27.07566761267383
27.075376117626973
27.074457077883185
27.073933149364258
27.07333514704669
27.07270876262324
27.072022027421205
27.07120167741269
27.070532745744348
27.070138628420402
27.069272311160017
27.06876643616702
27.06792797852579
27.06725340415652
27.066489518216482
27.06562601905233
27.064931916896413
27.06427371509999
27.063210398509398
27.06227540413423
27.06142255192859
27.060613393261246
27.05998122588289
27.059100729533778
27.058281228901233
27.05755723047753
27.056539277764276
27.056048037467058
27.05489222182955
27.054455285149764
27.05346747091799
27.053215000523103
27.05224368148949
27.05251253184617
27.05169884884934
27.0523578607723
27.051892259040272
27.05302950007652
27.053536516627148
27.054684387019027
27.05572229679717
27.056915992342102
27.05826416354025
27.058994690448472
27.060295109724034
27.060996837809643
27.062099011658006
27.062735696271396
27.063754633309422
27.06469428488093
27.065521102904285
27.066627218260763
27.06718766319149
27.067682649785784
27.068480597603415
27.06904670973467
27.069533229000854
27.069927122178086
27.070352361148448
27.070602478678506
27.070587867098844
27.07080991856444
27.070528126648192
27.070650163451745
27.0704190273554
27.070439740347652
27.070116019473783
27.070086957677027
27.06962043619505
27.069086782064524
27.068958051936004
27.068161819015344
27.067914343915827
27.06714194307228
27.067008299129284
27.06656393105132
27.06609264676902
27.065691158077932
27.064892453859454
27.06469870005249
27.06397876070444
27.063435557569456
27.06280190349665
27.062414926898626
27.061699531953177
27.060859793648472
27.060189857473382
27.059660201701824
27.05917702609301
27.058562078064348
27.058122596419622
27.0576815521142
27.057161813109563
27.056852144938052
27.05589253278729
27.055284796375204
27.054674207010244
27.05427109158842
27.053930082570314
27.053384697071984
27.052887073042204
27.052291428675886
27.052087691718754
27.051539818615453
27.05138471843087
27.050873281719753
27.05032772654411
27.050017586573
27.04964019510843
27.049275211752366
27.048500572405445
27.048023039649593
27.04744342601128
27.046787109279904
27.045840353536967
27.04513742917793
27.044470943603617
27.043904750702858
27.04305367628428
27.04249780350068
27.041587934059304
27.04106750172235
27.040415940129527
27.03985807142956
27.039046754789624
27.03871979280999
27.037868610669
27.037599656010247
27.036805427779093
27.03616114082365
27.035961830219442
27.035052563340003
27.034743181425213
27.03387295125291
27.0337409431688
27.033033206570845
27.03277376994577
27.032179437285887
27.03192988128558
27.03139096646348
27.030973845070683
27.030389384142058
27.029892755138782
27.02918658579922
27.028593082932556
27.02810413947935
27.027697357763074
27.027287010753053
27.02683405075961
27.02616936805796
27.0253240376951
27.024968051724812
27.024371523655244
27.02393220047265
27.023680442366498
27.023371664344374
27.022952016336383
27.022748665102956
27.021946355104905
27.021721319041404
27.02105330232623
27.020991017056684
27.020304886379854
27.020651478113066
27.020126619864577
27.02056214758768
27.02032125657711
27.020724193157992
27.021375771111288
27.02159094648209
27.022037842431676
27.021987810034155
27.02221327658338
27.022103532951455
27.022484783374857
27.022420372689275
27.022732594167607
27.02293572786928
27.023210297826058
27.02336523154881
27.023144977522357
27.022966552339277
27.022800738683863
27.022870051821787
27.022637238974475
27.02257706514944
27.02238914134998
27.022500346441177
27.022374272016346
27.022168418367812
27.02183553778128
27.02151943393428
27.021269589317292
27.020927812209905
27.020659738459088
27.020082296698543
27.019924904615284
27.019269580307352
27.018967708171118
27.018337886036253
27.017821978532503
27.017152525528985
27.016486275686077
27.015956345113157
27.01558076471344
27.01496381240655
27.01443349480561
27.014042887851613
27.013284478874834
27.012915048764796
27.012064793031275
27.011715192662415
27.010937656704854
27.01028994521819
27.00954479530403
27.00896776883093
27.00822252972395
27.007525145640003
27.006754641634174
27.00608917151483
27.00519620926746
27.004440317558497
27.00362433350794
27.002949058540633
27.002072786490608
27.00149008684061
27.000487163372128
26.999812354026368
26.998805964019365
26.998296326829102
26.997568201092072
26.996995412547093
26.99653962721037
26.996119129183388
26.995316514663536
26.9949249583636
26.994033849915983
26.993956828187162
26.992926607176663
26.992743396586274
26.991673686790346
26.992031545487947
26.991795978446916
26.991882004531725
26.99181472445497
26.99205195544406
26.99241502214466
26.99238402319629
26.992989778887626
26.993011352173117
26.9935085870058
26.993402233963145
26.993730266149917
26.993878476253602
26.994071747108134
26.99433141302796
26.994684840537843
26.994748787261432
26.995083426973476
26.9950433736731
26.995133946581767
26.99513385389549
26.995168567910536
26.99481304526359
26.99472237163436
26.994356479475595
26.994454028922455
26.994225630291858
26.99443439163154
26.99438709791523
26.99419087496448
26.994006136474713
26.99374370534219
26.993570918809215
26.993048943054955
26.992573640072944
26.992428753496043
26.991799958648393
26.991658889264972
26.991287896736942
26.990891682613025
26.990760784226563
26.990219179919222
26.990233902497074
26.98982968868876
26.99000205069313
26.98958842243693
26.989565389324145
26.98922855657022
26.989048394595066
26.988980120394096
26.988256959831034
26.988230958792258
26.987665718342377
26.987655640282764
26.986639137015555
26.98674162354264
26.98635104909912
26.986588179853
26.98620991312067
26.98614267398993
26.98637050933919
26.98615712084124
26.986441189527845
26.986286202284624
26.9862848473186
26.98613956013258
26.98591417482172
26.98570080636339
26.985424713270252
26.98506230379094
26.984852498046074
26.98473963685411
26.98460822658057
26.98403662277967
26.983500153356413
26.983081597186946
26.982680513949763
26.982276993517043
26.98162227887767
26.98103447533778
26.98044671621096
26.97977492895859
26.979018712729264
26.978448171983963
26.97780852919639
26.977073701196588
26.976283033794534
26.97549043897725
26.97479470305776
26.974197133207262
26.973409214082942
26.972978009924287
26.972040310395062
26.97148907875057
26.970619537288044
26.96978980214054
26.968901306316116
26.967852887424893
26.966880838910438
26.965876189388105
26.965303654229665
26.964455669480447
26.96373921026784
26.96261020517707
26.96215333906858
26.96122198623849
26.96036228789052
26.9596141590463
26.95859274977019
26.9576671565019
26.957213834019427
26.95631073972961
26.95566141773963
26.95474621444363
26.954092141903185
26.953368183901183
26.95279028583807
26.951816713457795
26.951108291968254
26.95061480992454
26.949875610575592
26.94916156871896
26.948568462936677
26.947860286293736
26.94712424256547
26.946350783010704
26.945683078758908
26.94491234457051
26.944044704652583
26.942910865837383
26.942417374420135
26.941419057434892
26.940836152456935
26.9395648441091
26.939186435408317
26.9379707970405
26.937938193243
26.937031327710997
26.93701029376612
26.936802117033874
26.936927415116244
26.936788392725415
26.93688540727014
26.936909346301512
26.937125988783425
26.937125777834275
26.93723045489279
26.93726501619234
26.937247710793706
26.93757019957755
26.937388207269883
26.93784177773487
26.93734156687733
26.937592621395453
26.93740439404479
26.937467627127873
26.937498312285918
26.937808883661507
26.93792111414991
26.937805016558187
26.937802858175182
26.937906775287274
26.937907235755674
26.937806645510815
26.937673171020137
26.93744070381033
26.93719955182132
26.937178204405065
26.937228680872586
26.93702566153281
26.936600858528127
26.936410373985176
26.935918130816802
26.935720521583857
26.935673550284488
26.935032156769694
26.93487889471745
26.934331855846416
26.934135569894238
26.933540241502456
26.933277723080643
26.933212336399134
26.9332625001941
26.933077772175178
26.93295073356574
26.932735816725874
26.93267802709372
26.932502732213525
26.932420181898117
26.932358722060687
26.93197662041594
26.93179061383863
26.931636025801392
26.931265682134175
26.931106554059628
26.93084720971036
26.93048818853302
26.93046278639421
26.929844492717642
26.92940816618541
26.92921031866719
26.928839768892026
26.928544401749257
26.928102177021756
26.92763192769742
26.927161465156807
26.92649811373171
26.92589103877481
26.925185150814393
26.9250934489871
26.924353190507645
26.924117826647173
26.923466977833762
26.92330561885963
26.922369129732523
26.92211023814857
26.921561752762244
26.921501041612
26.92106436181909
26.920793003840856
26.920524138073006
26.92067999311323
26.920462015307223
26.9207479473226
26.92049606823913
26.92060040170205
26.920454136816936
26.920041856700657
26.919737366124593
26.919097017686475
26.918958803004116
26.91864907365456
26.918412704017406
26.91797090377054
26.91753713455298
26.917107084692628
26.91683680171758
26.916286046823387
26.915977985472015
26.915249968433383
26.915021284696618
26.914267224254388
26.913652814264427
26.912725065773135
26.91218979982081
26.91151791457137
26.911108813547422
26.91044125587387
26.909936448079527
26.909116015285235
26.908656547412324
26.90805752045961
26.907385372798775
26.907028659506103
26.906337330183653
26.905913573058076
26.90536021907807
26.904942997279697
26.904107880480666
26.90351277047389
26.90311507164868
26.90272894615399
26.9020617627876
26.901538755742898
26.901041700539857
26.900163527297213
26.899788359351916
26.899187722920487
26.89865398074181
26.897709300015784
26.897422676408457
26.896427953478653
26.896091251058714
26.895317462244833
26.89506938576478
26.89434639159041
26.894145079943314
26.893566001908233
26.893300433553815
26.8929446244481
26.89262467133564
26.892184548706844
26.891532889277464
26.8913328887349
26.89086848519395
26.89036826388373
26.889987547242203
26.889537308576898
26.8890253736734
26.888711832656163
26.887980380031998
26.887401078290964
26.886799374548925
26.886523087393602
26.88586319036315
26.88538316818835
26.88463102530686
26.884085574029907
26.88316433340177
26.882784458870972
26.881907331563262
26.88151345771091
26.88098728762909
26.88082036325808
26.880112949570595
26.879945694183235
26.87945047994213
26.87951856098673
26.87867659975405
26.878465037347944
26.8777481646387
26.877345805567376
26.877072463531736
26.876576404851
26.876450393796706
26.87596639071469
26.875665428475003
26.87493548594137
26.874745979066393
26.87401668827871
26.873535290825878
26.872708325512384
26.872149896288093
26.87193568159184
26.871197677842552
26.87084627389776
26.8701862232832
26.86976103104499
26.869230143485442
26.86874312979797
26.8681323088444
26.867504099934592
26.866821254560783
26.866456188272664
26.86563370916496
26.86530981715794
26.86449074979447
26.86419089235166
26.863311439072447
26.86319600377623
26.862546049355846
26.862056186118558
26.861499443426972
26.861087136587322
26.860679420865456
26.860084826151137
26.859725625124725
26.859302339473263
26.85876128079456
26.85800186728291
26.857402684349587
26.85677078799541
26.856324720516955
26.855601617960584
26.855124216004707
26.85429282243021
26.85365546491902
26.852684948112486
26.852052554645283
26.851811480459816
26.85134136383949
26.850699306692604
26.849937021574792
26.849637000443817
26.848715844649593
26.8480074537839
26.846967495521874
26.846478156117506
26.84510565732229
26.844924921456155
26.844020445364634
26.84381613320283
26.843214186691217
26.843293537030945
26.843113072693775
26.843266067652678
26.843224234109858
26.84317400010162
26.843541218128607
26.843407466473263
26.843813905232533
26.84335824716889
26.843629332747092
26.84317400616116
26.843279824959193
26.843121805414313
26.842766999439476
26.84282442791641
26.84256875642294
26.84296550278255
26.842651532415115
26.843290586783027
26.842981739095308
26.84354123772036
26.843475723948593
26.844004195290342
26.844165823576063
26.84460851867945
26.845076908566625
26.84505198264447
26.845367951664127
26.84546821725458
26.845654080182577
26.846012513964066
26.845978453450293
26.846450951018163
26.846573982538743
26.847119638623866
26.8471384083591
26.847109398935636
26.847042226001445
26.84698129429944
26.847008099051045
26.846846371818902
26.846770661571924
26.846518858399882
26.846326588489333
26.84583605634711
26.845958880967164
26.84563838827139
26.845764804501016
26.84513884688918
26.845156863393917
26.844564192889663
26.844536365953992
26.844062797918966
26.843899272979584
26.843829674830715
26.84341598173525
26.843729898568984
26.84336185689286
26.843385638537907
26.843291642983548
26.84287072376195
26.842718477336895
26.842622694853226
26.842698124770354
26.84263764228899
26.843158462114967
26.84337645612863
26.84361189557338
26.84344482932394
26.84326119495018
26.8430107851013
26.842557005018094
26.84238257940357
26.841689541323493
26.841579229358207
26.840949298411015
26.84063658700262
26.840424180741977
26.840221402678182
26.840194995074103
26.840019108595854
26.83999709277156
26.839700465115342
26.839508179923488
26.83903465539361
26.83907486980779
26.838660871874097
26.838627835506816
26.83830581672039
26.8385373890245
26.838058433423043
26.8381258020905
26.837789266563426
26.83765163662909
26.837396843543647
26.837284633242618
26.83678456035421
26.836785602260935
26.836551726611503
26.83625989698724
26.836234170597663
26.836076698945135
26.835947178307627
26.835885346610013
26.835492952320635
26.835669660113695
26.835181860126053
26.83499930437017
26.834462253337463
26.834503223035853
26.83396737456126
26.833793397380916
26.833770246177323
26.833641673699418
26.833242216252327
26.832937675611586
26.832549370546044
26.832206129596877
26.83180796067381
26.831111402262277
26.83072746805398
26.830302588473938
26.829589925407152
26.82881702336435
26.8285923160561
26.827724594166593
26.827168850608743
26.826329199311836
26.825290782304442
26.824963623783212
26.82393030387403
26.823356241353736
26.82260594476329
26.821950031104866
26.82129354779616
26.820485991806674
26.819933636775378
26.81918183315313
26.818479990547992
26.81774172232729
26.81713078789453
26.81643534670635
26.815731225616148
26.81471165386595
26.814150621423202
26.813432632774973
26.812355309898056
26.81165429793149
26.81104672898396
26.81034760186373
26.81006407725669
26.809053282887984
26.80859295037341
26.80736282175596
26.80747597375973
26.806651190585413
26.806815839253808
26.806457479354968
26.807058810369732
26.807262861269372
26.80769709237888
26.80768299136153
26.808210255767733
26.80846199379434
26.80896645967589
26.80913055950347
26.80937953112974
26.809900082359874
26.81012936374325
26.810638230377535
26.810770711473054
26.810649785591515
26.810892335238062
26.811006316217345
26.811034968927736
26.811384411148627
26.811401067225646
26.811233473637785
26.811241470014913
26.810950724430526
26.810787068103572
26.81072602937204
26.81020596511123
26.809655706719692
26.80938205087446
26.808895765047748
26.80856802470437
26.808215719645897
26.80775740292286
26.807252378358125
26.80703404503462
26.80643866528312
26.806282966311215
26.80557243407423
26.80567238007294
26.804896882941808
26.805190786143186
26.804406086909978
26.804260119451694
26.803835503805253
26.803958806670394
26.803846992262375
26.803842310937192
26.803764318572995
26.80381517466263
26.803689029680456
26.803491289613618
26.80340190823316
26.802934350093622
26.803107494974327
26.80275258436207
26.80298525619323
26.802851121337188
26.80336458140957
26.803031922038
26.802869979222756
26.80280503427128
26.80259458111606
26.802355877873683
26.801858753995425
26.80192796115771
26.80128487529879
26.80136710147769
26.80096377157646
26.801004614846313
26.800484099794453
26.800687329675824
26.800569067734262
26.80035040448242
26.80027447633384
26.800233085853243
26.80017410619484
26.80018441898345
26.800020898903508
26.799756788718962
26.799912480461934
26.799843294031977
26.799649016421174
26.799794359721574
26.799466307505213
26.799445340501865
26.798767313949504
26.799000177477033
26.79852710367338
26.798733114810155
26.798329075622505
26.79802744753102
26.797572915547995
26.797025974685713
26.796637801932125
26.796228694208622
26.7958942203484
26.79537118430048
26.794809817746874
26.7941912740204
26.79363276877073
26.793128315578386
26.792449679816595
26.79188129662291
26.79104393918625
26.790691770751167
26.78944911139694
26.789184919915492
26.78844328673645
26.788139273892785
26.78711736961521
26.786350823190382
26.78557583308693
26.78503665246657
26.784327755023543
26.783580455265493
26.783203156656647
26.78248956240534
26.782157351637665
26.781325272806352
26.78095083411845
26.780066626662766
26.779221614781438
26.77893754638177
26.77851100441723
26.778056875005124
26.777034500439967
26.776525979715416
26.77598196215554
26.7753243192533
26.774834956646558
26.77390728065419
26.77370645824031
26.773019077283045
26.772507372517815
26.771555579489082
26.77087801351309
26.770250503168327
26.7693989053403
26.76847904208888
26.767758389670547
26.76751221924256
26.76639998857119
26.765964424987196
26.765104743749156
26.76446158715313
26.76375372889599
26.763281859903813
26.762603036154125
26.762118172954867
26.76148812034816
26.76072324073079
26.76017931543591
26.759466315575906
26.75923170861563
26.75833019039006
26.757872302545522
26.757180834568985
26.757177342506463
26.756840275463375
26.75681989105353
26.75668227475914
26.756503648257763
26.75667012515481
26.756751460866013
26.756527201170883
26.75629977560259
26.756440756783956
26.75616516511008
26.75627280958549
26.755709066596623
26.755842146888718
26.755620798452004
26.755762159156742
26.755548927156482
26.755649600199778
26.75546017650533
26.755510637275933
26.755556878720675
26.755272393628744
26.755239907073268
26.754425474018973
26.754297137575858
26.75358070873582
26.753527885196622
26.75311063532282
26.75280849481004
26.752666023115133
26.75228714460409
26.75182473398424
26.751272603027992
26.751055015577663
26.750612145304764
26.750366812822477
26.749856340096873
26.74923309500343
26.748752653546624
26.748041622978693
26.747580476472272
26.747054874214776
26.746433410189066
26.745732892291187
26.745033532904138
26.744002931930794
26.743347256950774
26.74235438948108
26.741775876466384
26.74070278675292
26.740278237729157
26.7395022002913
26.738965836281317
26.738085233145213
26.73765238089515
26.737295194808013
26.736878331691308
26.73632438562526
26.735921375159638
26.73534523736267
26.73475649228163
26.733909093623044
26.733531283145023
26.73280948857235
26.73214085652436
26.73153663916232
26.730775436691438
26.729937787876242
26.728793394705935
26.727872426240175
26.72682590408011
26.726013277444103
26.72526283200069
26.724234566072727
26.723293887677638
26.722219590560698
26.721198827601086
26.720260255931723
26.71934215161627
26.718174809848616
26.717458415194415
26.71619148691185
26.71563641395379
26.714260163970124
26.713796195907335
26.7124655148477
26.71217699433935
26.71104630544859
26.71117394286862
26.710329074279056
26.71130519518723
26.711539249553002
26.712801612090434
26.713929428997723
26.715246971660463
26.716596301910073
26.71832918089866
26.71936542744482
26.721014389146003
26.722204153064006
26.723611010869316
26.725127563241703
26.726403941127256
26.727882627828926
26.729278870033998
26.731103541389555
26.732708671056532
26.734233715240187
26.735400389363274
26.736715992859892
26.737960129417754
26.73924979785767
26.740160504720556
26.741229358228978
26.742290797381255
26.743155976656872
26.744011592938854
26.744567523341587
26.745103272683473
26.745717256215237
26.746386908163487
26.746835132549798
26.747227828638028
26.747250264078573
26.747826273303122
26.747756965937132
26.747829674547013
26.74757913894924
26.74768344657386
26.7474328044627
26.747359824744898
26.74749657158233
26.747029289195723
26.747148064279152
26.746778053821334
26.746668285392087
26.74601756496905
26.745892411560614
26.745474509123774
26.745139608922223
26.744847008483333
26.744154749632916
26.74411198193994
26.743427342220496
26.743171139342344
26.742548164036744
26.742173814336027
26.741829439174435
26.741559989219773
26.741124920693103
26.740617863465314
26.739928042632908
26.73922588311825
26.738606226487637
26.737869044905494
26.73684164052043
26.736267036852315
26.73532308624828
26.73469820215189
26.733685267449516
26.73284915147578
26.732198133480125
26.731355208768278
26.73057238014559
26.72959155149579
26.728920583625996
26.727721287444673
26.726938537161878
26.7257335649947
26.724867801268797
26.723523143650883
26.72276802798208
26.72197808483446
26.720966819861516
26.720109145166155
26.71924259649451
26.717957912687265
26.716713624666
26.715826221956828
26.714722489809134
26.71378723148822
26.71280214654316
26.71192112922572
26.71093253390319
26.709944550354358
26.709093076876798
26.708553938930617
26.707632095494475
26.707020716530288
26.705973580097798
26.705218943240496
26.70432244659743
26.70364415622512
26.70263562108154
26.70203534111872
26.701125614603377
26.700442235636558
26.699854847466273
26.699166341470768
26.69878383784482
26.698120851059638
26.697854694953996
26.697147653864597
26.69704325856223
26.696218603329115
26.695975667236674
26.695544412030348
26.695514205009182
26.69505314500657
26.694722591131853
26.69428935579299
26.69414756185743
26.693627069182007
26.69296474017934
26.69248087023973
26.69177120248589
26.69155510278856
26.690989648193607
26.690604971885303
26.690017000389126
26.689363725111747
26.689014542901006
26.688363667462262
26.687928986078845
26.68722905054285
26.687181672650375
26.68644778226472
26.685849904828597
26.68522314525167
26.68476230179244
26.68400951728886
26.683849753768328
26.683009956902872
26.682845487772905
26.68222402707197
26.681856852769034
26.68144416117917
26.681040246642272
26.680650586136032
26.680141419492287
26.679568571403138
26.679023565843075
26.67864021443506
26.67805169330043
26.67764932494005
26.676922572280702
26.6764460901295
26.675600504731506
26.675214079871587
26.674139630796503
26.67381591482357
26.67266756742125
26.6725230173924
26.6714192978794
26.671228267058602
26.670391549072395
26.66990025095324
26.669186531352047
26.668605618789872
26.66849667079792
26.667971531320195
26.667565709855154
26.666780148940305
26.666224136161883
26.665746378184345
26.66527510962203
26.664766657896365
26.664340893449214
26.66365255473396
26.663337668959013
26.662386204244765
26.66205506794936
26.661652916404396
26.661373325511445
26.660600429491836
26.660065144378606
26.659114420856646
26.658648158419002
26.65774345590986
26.656761063715493
26.65611716279647
26.655312520961118
26.654681483545197
26.65394621459681
26.65288539452473
26.652124408486195
26.651645661177
26.650991533316464
26.65037373973039
26.64930840096448
26.64875663162381
26.64801750505901
26.647551842571296
26.64646464532254
26.645850709253516
26.645165855785613
26.644730876860912
26.64386143858437
26.643379903220456
26.6426372409501
26.64245806102727
26.641702557995135
26.641523118016895
26.640913709903767
26.64077834703294
26.640003388566747
26.64023565791275
26.639783706113484
26.63970458404808
26.639578479207593
26.639611640876208
26.63945041389716
26.639171424801017
26.639339613041415
26.63906999181834
26.639077909817228
26.638774958727097
26.638676646877638
26.638645252928
26.638397847679805
26.63845855377016
26.63836742637558
26.638199823442392
26.63814432995045
26.637924544032337
26.637908292893844
26.63731431884053
26.637069666225308
26.636294210508225
26.63622752368145
26.635862985588226
26.635949665123167
26.63550717145753
26.635756539017947
26.635168432506525
26.635087515769147
26.634886456191317
26.63489837274834
26.634905668894646
26.634679248529494
26.634479604987714
26.634393452419722
26.634275949512052
26.633783609916822
26.6334009446191
26.632769071110054
26.632363570452824
26.63215131443819
26.631798873121703
26.631189178438007
26.630887988541843
26.630185172829105
26.629936400867223
26.629110233640993
26.62892267503038
26.628298432285902
26.628153406703255
26.62761660796204
26.627463955597896
26.627047067414953
26.626763233940554
26.62645896306149
26.62597443236799
26.62538385424091
26.624837812949863
26.62436825919826
26.62383488430299
26.623002680892206
26.62222835903778
26.62167727109724
26.620694333101035
26.620256178276243
26.619480707440562
26.618942326457834
26.617971095935367
26.61776736768126
26.616778061485036
26.61704833666397
26.61611110503862
26.61669311274316
26.616301517977043
26.616855651284762
26.617097223333396
26.617531456899766
26.618082089113564
26.618803515972253
26.619725279204584
26.620280642078757
26.6207780156468
26.621096534608775
26.62193126976849
26.622236359133176
26.622820367019692
26.623182056343495
26.62357574123751
26.624108198914005
26.624334372618957
26.624701290462692
26.624840389849034
26.625072058338123
26.625303179946933
26.625272141854452
26.62532215051964
26.625110147403
26.62503032057645
26.624603981322096
26.624308729264605
26.62422662163216
26.623697673513007
26.62335714323346
26.622982708054263
26.622736347472873
26.62232066652495
26.622059144798946
26.621447130906382
26.62068030931609
26.62038419290687
26.619988991092338
26.619497400609866
26.61907599344921
26.618349187496836
26.617954462019
26.61731714467864
26.616925288072576
26.61620157302783
26.61627301757914
26.615558033604138
26.615104419876097
26.614271493861228
26.613817038039343
26.613024921095047
26.612558020752772
26.6123002170863
26.611819089415555
26.611345184269073
26.61052663207364
26.60995689719296
26.60916700498405
26.608635414912392
26.608164001038563
26.607787962593044
26.607212109036674
26.60658343991011
26.605680766068165
26.605357861807274
26.604492955352686
26.60393240677951
26.60319236119348
26.602608673105003
26.601911567151365
26.601465767622344
26.60126147411219
26.600477530451112
26.600191528011457
26.59947577569197
26.59920251569809
26.598532829801016
26.598325679942043
26.597760633516593
26.59737073403892
26.59689700225151
26.59641133870985
26.595716254868233
26.595176785853276
26.59448409629103
26.594334239267532
26.59376514853995
26.593580369711518
26.59287914813256
26.592327829435188
26.591752673043842
26.591188694961755
26.59061565187008
26.58971078474732
26.58940435364608
26.588812150263074
26.588493048485354
26.587576366428554
26.586920720310427
26.58618161053134
26.585429562711745
26.584580638578494
26.583915204662468
26.5834190291055
26.582577185147116
26.58191847793505
26.581183587829138
26.58048470568886
26.57967092810109
26.578903719377784
26.577965193769867
26.577229985759864
26.575988411731515
26.57542575163705
26.57416340237051
26.573569425702534
26.572764976697577
26.57272483432884
26.57196130798826
26.571808272071685
26.57130221017107
26.571541096413014
26.5712619284812
26.57114525680847
26.57077041783403
26.570370983019117
26.570040356787615
26.56981708209994
26.569404193366026
26.56919605538695
26.568739248542478
26.568593058908974
26.568108747704922
26.567775772150178
26.567169892120962
26.567132250740446
26.566893416691993
26.566662537681218
26.565927469419954
26.56575952946489
26.565116973417634
26.564838627638906
26.56460647936294
26.56433846568707
26.563930279240168
26.563488201465194
26.562774525335172
26.56217774780297
26.561588115979667
26.56102385731511
26.560646781703475
26.5603278885559
26.559529933404953
26.558875801225064
26.55800357037236
26.557565797515718
26.556852121737542
26.556346754043226
26.555240174531743
26.55495875428955
26.554090296005704
26.553443494668755
26.552521400939174
26.55199463496092
26.551318359297053
26.55037940730592
26.549974845446318
26.549702886079913
26.54923907942747
26.548905949925278
26.54837382846141
26.547749143768872
26.54729479563054
26.546520746476553
26.54602214308502
26.545229978004965
26.544535475244114
26.543505361427563
26.543056549764856
26.54239490615083
26.542212965282374
26.54170093310476
26.54183742980958
26.54139563165082
26.5412540964738
26.540554696689647
26.540376281658578
26.53974019214246
26.539553755693767
26.539383888071363
26.5394697457463
26.539271156587205
26.53876095838456
26.53856702876861
26.538087468920494
26.538018719980847
26.53732436670307
26.536739586739643
26.53663836520066
26.535936016870025
26.535609203318018
26.53479497870287
26.534588089569514
26.53372500311431
26.533679194509723
26.532968912858546
26.533056423118765
26.532617342844283
26.53250013426916
26.532522624317814
26.53221025944021
26.532056994079216
26.53151014140206
26.53166118868645
26.531230449525086
26.531343297646863
26.53092528223832
26.53121332624024
26.53092874150742
26.531439657961855
26.531472329526306
26.531659524624608
26.5319235368653
26.53188303394865
26.53184640068721
26.531417290427555
26.531359809922762
26.531430465640362
26.531325004094676
26.5312022451907
26.531285187745944
26.53093409665398
26.531273962036312
26.53102619756105
26.531210067681776
26.531143885930874
26.531461626030136
26.531465193370252
26.531543010061583
26.53168007597968
26.531775337427106
26.531814798190002
26.531917071386317
26.53205003611598
26.53221902937778
26.53231320262264
26.532447971869694
26.532799980848075
26.532950440246132
26.53309574015603
26.532972262992885
26.5331271076891
26.53267846246871
26.53298591418824
26.532562756851235
26.532668901887607
26.53262859745062
26.532713826007566
26.53284349481209
26.53286870532506
26.532995480576353
26.5329799030682
26.532644630805603
26.5329115942307
26.532810733653037
26.5325856470811
26.532471338958107
26.53225508213044
26.531749332632685
26.531298893369495
26.53085364666181
26.530594126271524
26.530124364673213
26.529842922691458
26.529087678069175
26.529086335285275
26.52835778159737
26.528286872944943
26.527684022893453
26.527697324113806
26.527232533342172
26.527030754138345
26.526451743994876
26.52673101380314
26.526327675944202
26.526733358215044
26.52666902753279
26.526789538071526
26.52694531611054
26.527131662594485
26.527287466838168
26.527549568895175
26.527830932013504
26.527943394266767
26.52826281814438
26.528416494340302
26.528926094318646
26.529244371646516
26.529453017770898
26.52952378457099
26.52942906020649
26.529562102717136
26.52969492621252
26.529745693177983
26.529757071059556
26.530009194921867
26.529859959875765
26.52964175007433
26.529312743158275
26.529319233775524
26.52916095108241
26.529110949810175
26.52895798418467
26.52862727407587
26.528132586678165
26.527788010957458
26.527327370086983
26.526581461475267
26.526300904850338
26.525805353279985
26.525167968262252
26.524598989323223
26.524213814211084
26.523551278594518
26.523065346847527
26.52244429800986
26.52179336150609
26.520895810574178
26.52050267929141
26.519800823941555
26.519364869850953
26.51834075923626
26.518248774769457
26.517441976378798
26.517306561016163
26.516594073469545
26.51670098967889
26.516352573381337
26.51658802585532
26.516431098416934
26.516791737770117
26.51666343797404
26.51679799497654
26.51671449679351
26.51679070493056
26.517043942716505
26.51706850673645
26.517310693201548
26.51689044731084
26.51663465336073
26.516183611474837
26.516078299065633
26.51557820009569
26.515474279025252
26.51469399154476
26.514502633215326
26.513792193194995
26.513241493430684
26.51269746791766
26.51201984036014
26.511996062219563
26.51128986983387
26.5111573655319
26.51063768343247
26.510282188475685
26.509731912315857
26.509524097111395
26.509190519061292
26.509173972400447
26.508778508839153
26.508777016436298
26.508115717445186
26.507992275829096
26.5072881537794
26.507284210470328
26.50689743214435
26.50690463635563
26.50658341836127
26.5062456162539
26.50601561521905
26.50549655834416
26.505606762052174
26.505047256707897
26.50500176304124
26.504560538313022
26.504444340209425
26.504127912168627
26.50412421700894
26.504065384004676
26.503788901557087
26.503688616336806
26.503720710011724
26.503791936430616
26.503253049351155
26.503029699682678
26.502669318585976
26.50259909360786
26.50256198317086
26.502267027350403
26.50209888530917
26.5017461858622
26.501883129838987
26.5014763124967
26.50138744160531
26.50113823580594
26.501162457122863
26.500805011987147
26.500619073396138
26.49988343935465
26.499839741247143
26.499205126399552
26.49903571276144
26.498952662432398
26.49876919408944
26.49882594799452
26.49851294323557
26.498284033282058
26.498326236862336
26.498257167572845
26.498080666810356
26.49745942931666
26.497520472032047
26.497101365380612
26.496830964871872
26.49627565889107
26.49614907003787
26.49565289943164
26.495466616203238
26.494876872629447
26.49497207833253
26.494372372868362
26.494333171687458
26.493955456410117
26.49405570593716
26.493649973778556
26.493697765310987
26.493526557129474
26.493475239455883
26.492919001438814
26.492798376412452
26.492245254646598
26.492291881614367
26.49175968227798
26.49162838178022
26.491166356691977
26.49104706378392
26.490576952650514
26.49045456146795
26.49044820080743
26.490144631950283
26.489911895953014
26.489331206247826
26.489020492046148
26.48848843096448
26.488553624353965
26.48790952072048
26.487708104858
26.48725674495727
26.487287867941006
26.487126045063892
26.486774212491948
26.486710436349536
26.4863450871594
26.48601586102594
26.48558354442131
26.485724096216636
26.485203135056402
26.485396354141862
26.484655609861388
26.48486414273062
26.48421320953092
26.484111643841416
26.48390515463985
26.48380868229858
26.483521758090678
26.483533941283483
26.48357454003914
26.48353257199225
26.483547488991373
26.48352411438257
26.48325240585455
26.483325951808986
26.482977814474268
26.483022891630853
26.48268233641964
26.48265076448824
26.482405329778487
26.48239059045691
26.482007765807847
26.48167553634871
26.48126565294243
26.481043475876827
26.4806741897591
26.48054809118964
26.480254819033835
26.479886835830058
26.479798394343472
26.479372757059565
26.479428993828733
26.478870045358263
26.47864230241915
26.478377055322202
26.4781084960116
26.477932875928868
26.477901144661196
26.477530138103408
26.477081617104623
26.476657285816792
26.47640793639291
26.47581509964585
26.47515118883105
26.47471300446933
26.474143530090014
26.47355892030265
26.47297477394592
26.472142697931353
26.471787730129094
26.471108307203846
26.470603264967515
26.46976549583776
26.469246132074243
26.468273756912918
26.46790919918619
26.46696251138522
26.467244900262834
26.466941810150026
26.466679772320106
26.465972158953722
26.46560750877167
26.4654887658277
26.465236742574202
26.464855865747193
26.464670009048852
26.464326969128095
26.464274790315535
26.46397166030937
26.46348864541015
26.462883514862355
26.462500726062316
26.46216345376726
26.461621640097487
26.461531741998904
26.460631557679037
26.460229125916392
26.459286249983908
26.459015037976194
26.457983074513255
26.458065414858986
26.457278058685304
26.45774527537128
26.457396618334563
26.457475578460343
26.457551274813706
26.457348960857658
26.45773756798464
26.457678871380907
26.45858663499522
26.458539181038635
26.459216402777162
26.45969860875265
26.460181756644264
26.46056624865713
26.460842463802837
26.461258183493975
26.46161736395721
26.462054239579388
26.461967390329487
26.46255702306061
26.462469709238
26.462522716722457
26.46251235253699
26.46257141953628
26.462616101865706
26.462718155314526
26.46242006528594
26.46197758652059
26.461861774433928
26.461695449103733
26.461457361985012
26.461204408087795
26.460500952867847
26.46021082935445
26.459513630439847
26.459004341617387
26.45854244557298
26.458014388583496
26.45741990667441
26.45703055118481
26.456422294958596
26.45595286426815
26.45495027200265
26.45409237981102
26.453424763697985
26.452762580539513
26.452229907811127
26.45133353491167
26.450709336673416
26.449942604980162
26.44918840447528
26.448518437898308
26.44777928472645
26.447143609280964
26.446203519736187
26.4454816742709
26.444693982833304
26.44415583792704
26.44320913020198
26.442688584231835
26.441844501397377
26.441250962441565
26.440384557014994
26.439913372009237
26.43902649460147
26.438313381518967
26.437208963963272
26.436481179946725
26.435363988329634
26.434889090925935
26.43420182364832
26.43386445551989
26.433116568023593
26.432426039853205
26.431812577847815
26.430963544462823
26.430158751215032
26.429528747697226
26.4291263688869
26.428651875415213
26.428053093010337
26.427260516756448
26.427236738451846
26.426666167727156
26.42657745004311
26.42617574472565
26.425839913318484
26.425200085452197
26.425195913112987
26.424699145587283
26.424681358888726
26.42404331911751
26.423963612719202
26.42337920931841
26.423500497123715
26.423340845401828
26.423269670900623
26.423345807677357
26.423021822706332
26.42333458587407
26.4233183668097
26.423163192546042
26.423053607332925
26.422915098095466
26.423154638758298
26.422830479406375
26.422642232194363
26.422672930609128
26.42239199286735
26.422175268828028
26.42196568868552
26.421963965910102
26.421667317521425
26.421210786563684
26.420667419514828
26.420314818678516
26.42002451142757
26.419573558522277
26.41893547086111
26.418662619424357
26.41830669582333
26.41777192450061
26.417310115444266
26.416559981923772
26.41603581358097
26.41519069683227
26.414621302412108
26.413725088719193
26.413399205026526
26.412665784326954
26.41242409693696
26.412080549481075
26.41167314631776
26.410881806192364
26.41037727212165
26.4101201046984
26.409359201527632
26.409043650345595
26.408420201495794
26.40817319173967
26.407107668806795
26.40697651802805
26.406397002522336
26.406262369114334
26.405879592280534
26.40575586503873
26.405562156367907
26.40552659385529
26.405587684416165
26.405512922261284
26.405170590806538
26.405030844478294
26.404769759460883
26.404784518453774
26.404488240716173
26.4041059543613
26.40362243933326
26.403370311593342
26.402706732801132
26.402128097676982
26.40156855907675
26.401049013314548
26.400507289636337
26.399915661724236
26.399381489515534
26.398829297385312
26.398261321258488
26.397673712819156
26.396673527883728
26.39561459990249
26.394570562126702
26.393991669781123
26.393021821596566
26.39213737273043
26.391151247412378
26.390778275604948
26.38968950827004
26.38957231872834
26.38892349439135
26.388932081435513
26.387855881277787
26.38773115558983
26.38722767101259
26.38704215887172
26.386877246943893
26.38696705871862
26.38684566831142
26.38648681473139
26.385976698848182
26.38588071608234
26.385782192763052
26.385697617429777
26.385523138563688
26.385399406136294
26.384977354402437
26.38512335331448
26.384486382778732
26.38418008927991
26.383475606737505
26.38343285732459
26.382395985628865
26.382585030682474
26.382100405848618
26.38222108304847
26.381833892290494
26.382327566809344
26.38194476953182
26.382428707216743
26.382348747905485
26.382916070708173
26.383237126372883
26.38354487601038
26.38389740498459
26.383864912853813
26.38449584400608
26.384540474237532
26.385074764496007
26.385008121254508
26.385161621409186
26.385060954347036
26.385466042011068
26.385512742198486
26.38557772574979
26.385797706697875
26.385649354239828
26.38589038410112
26.385406548543116
26.3856681313121
26.385237320535218
26.385142203892986
26.385203023458818
26.385078210051756
26.38475851805078
26.384615317579104
26.384320620074213
26.384398659894313
26.384002296606617
26.384198850198604
26.38344566189595
26.383572944043785
26.38330521037352
26.383597664764793
26.38322664955066
26.38333587977369
26.38341252435316
26.383711563139688
26.383878575324296
26.38417862830124
26.38436580073639
26.38448811472529
26.384797869282668
26.384608064981265
26.384820159911143
26.384509714427317
26.38453692756483
26.384285116548067
26.384066978886747
26.38403729078417
26.3836909042308
26.38351391073035
26.383260679673302
26.382939148292376
26.382630816236286
26.382026731962824
26.381744834154297
26.38125795429666
26.380532168517362
26.379851279683816
26.37922823753945
26.37909369726717
26.378384309204964
26.377932778452937
26.37701022764812
26.377001795863837
26.376221388066426
26.37582797189753
26.37531105395283
26.37509001511273
26.37447443272159
26.374193338595706
26.37394523145659
26.373387265594843
26.372985817960014
26.37255556362435
26.372423221966464
26.371943618968498
26.371784667272507
26.371007317206047
26.370996254296884
26.370249937124555
26.37022732951109
26.36924820892606
26.36911024004235
26.368807073794244
26.36915321885986
26.369009977953848
26.36921869863313
26.369544413429082
26.369534779022693
26.36971963299623
26.36935329834444
26.36960683177948
26.369197538900842
26.369325450212507
26.369137136449847
26.369202783481434
26.36901021841424
26.36894299050266
26.368761795621715
26.36849864781842
26.368489110333964
26.36861941621366
26.368671850694025
26.36882764304364
26.36879459769596
26.368729400648178
26.368855620587304
26.36898142886689
26.368862007870028
26.36900380587643
26.36890720642559
26.368754878668174
26.368417419455014
26.36800110901799
26.367744104236152
26.367209893123707
26.366730784328798
26.366102398004493
26.36599952818896
26.365177659707484
26.364735611727728
26.363733592562273
26.36348493434808
26.362621915837217
26.362318286527238
26.36137569818454
26.361272815988627
26.360537880957988
26.36027774765942
26.35963888228416
26.359412808601288
26.359234079824304
26.35893231500215
26.359148956630676
26.358782012184637
26.35882427004454
26.358217754925594
26.35828035149546
26.35821156457898
26.357931802732587
26.357943259420324
26.35769212318089
26.35775170249041
26.357254400888586
26.356869397147005
26.356589476098712
26.356303095673663
26.35593533193863
26.355491960037575
26.35494447246934
26.354596169476302
26.354372002418852
26.353811127713907
26.35344454241716
26.352754481221314
26.352380540739272
26.351680408388635
26.351366702791402
26.350412191139817
26.349930503661554
26.349167857843337
26.348933220116532
26.34826892989933
26.347914484094108
26.34750022031116
26.347047595405137
26.346849196315496
26.345952449075853
26.345769183750246
26.34529545904886
26.345003788613873
26.34445995734524
26.343914102790613
26.343694394455763
26.343122580478706
26.34296518820156
26.34226406257423
26.342067965970067
26.341460995079345
26.341076054913174
26.34023009666806
26.339860301813253
26.33929760295194
26.338954526233383
26.338584101183137
26.33812376446899
26.337570332284088
26.33737120805675
26.33684517529509
26.336432445571653
26.335671623773322
26.33537807762686
26.33476085701016
26.334536816108056
26.333844370462764
26.333649264960908
26.332577135440985
26.332441027120517
26.331697434951366
26.33141999040893
26.330632682906447
26.330414793348517
26.33002855042627
26.329375261356436
26.32883164012249
26.328405157543084
26.328148159954733
26.32778690953852
26.327013911207878
26.32646026753453
26.325686565066867
26.325222235890706
26.324431653366794
26.323874308840672
26.323189991030812
26.322389688647366
26.321882939895126
26.320810610672012
26.320321295835743
26.319270466742793
26.319120453424315
26.3181070778666
26.318112080730618
26.317238045627526
26.316993806714596
26.31658825606564
26.316293856852155
26.31646634547387
26.31563214062608
26.31588232901357
26.315733094545344
26.315830364161755
26.31561623241057
26.31527142355766
26.3152640870075
26.315066146987363
26.314782423716103
26.31454829004007
26.314067496875367
26.314112207312217
26.31347784104324
26.3130264222311
26.312877791291136
26.312411737793585
26.312169163737998
26.311584403988565
26.311277673361502
26.310996195365824
26.310290733746783
26.30975640331527
26.309329721469265
26.308855664260097
26.30846491367189
26.30824339302903
26.30797501686218
26.307452693822384
26.307181759663752
26.306909142455716
26.306495217337357
26.306302059448534
26.30588042923386
26.305788500411737
26.305606131923373
26.305170236359977
26.304498310289112
26.304084522306578
26.303670833360037
26.303062886464566
26.302463922528375
26.302107264744457
26.3015372506284
26.30098225036705
26.300390863255867
26.300129165439117
26.299351261772163
26.299167751897524
26.298579472938705
26.298138749237975
26.297162265349904
26.29726880608529
26.29655592759326
26.296572961544527
26.29591981892436
26.295993880615583
26.295644030783567
26.295000836836376
26.294959165739055
26.29453952002926
26.294535477802956
26.29408956804963
26.294107673963452
26.293697936501502
26.29363913375629
26.293141631548128
26.292905290726793
26.292255896671932
26.292042828173976
26.2914897361922
26.291181594015494
26.29065205798286
26.290127680992367
26.289719966509175
26.289527532488215
26.289135734946715
26.288798435359087
26.28828481630522
26.28756858120932
26.287317998009662
26.286865774977283
26.286920965879755
26.286256578360856
26.286202761137453
26.28535477819507
26.285523727637155
26.285084272169918
26.284802758016372
26.28452062479947
26.28409376008105
26.283862306562412
26.28328820532463
26.282953415925196
26.28292672485134
26.28280533091513
26.282529157001374
26.282414663863214
26.282188238348727
26.282350821971466
26.28211476834048
26.281799081482717
26.28150190971372
26.28141613281723
26.281318732394418
26.28116220381479
26.281041754642793
26.280926858793915
26.280559356671933
26.28013889893839
26.279744671168874
26.27914302873596
26.278995186115512
26.278600962648518
26.278417082407344
26.278061165025605
26.277632932417273
26.27719768718102
26.276672637701765
26.276270252563734
26.275738546095685
26.275336583541563
26.274715122699988
26.274285028483565
26.273756358769766
26.27296235667312
26.272770409845997
26.27172507247319
26.271460363871903
26.27055932777363
26.270224389824307
26.26966991685807
26.26968464893299
26.269171042866063
26.269278159406888
26.268528494374547
26.26858097089186
26.268114183452855
26.26856799933219
26.2687983898686
26.26932565196479
26.269509128897116
26.269642156297827
26.26984921333252
26.26983479819272
26.26968671161046
26.269841617038704
26.26976855667659
26.269752899804708
26.269563649739904
26.269681705602686
26.269653133332366
26.26996828649427
26.269993439353957
26.27011607185417
26.269971218465393
26.270157289560444
26.26983902720621
26.269949689618706
26.269817370435774
26.270028408480123
26.2700606378532
26.270196572420748
26.2701829268481
26.27028174235572
26.270523470616528
26.27038132309167
26.270764276771814
26.27024390552096
26.270744188738174
26.27034014401059
26.271067345895098
26.270929453714487
26.27135022790968
26.271219217082393
26.2717267087797
26.27217433009764
26.27241993691478
26.27279700003173
26.27313769163785
26.27347963569594
26.273653905773774
26.273883224495943
26.2740040645189
26.27390575840437
26.27403697257996
26.273522148030388
26.273574770862226
26.27334622492064
26.273539248989263
26.27331359156985
26.273079298220573
26.27315458928895
26.27318049192305
26.273058763250937
26.27281180333249
26.272772505808966
26.27265879655106
26.27217596429963
26.271957706632723
26.271399319406644
26.270956948125836
26.27020985861876
26.2697500037334
26.26916935575955
26.268448340996457
26.267999647942183
26.267377964060046
26.26721266534838
26.266339508833546
26.266076434425344
26.265450598723874
26.26515602166139
26.264749507347652
26.264417934014027
26.264379386713365
26.264348781485904
26.264251339016976
26.264131310477556
26.264278257399756
26.264201769014516
26.264364164748812
26.264079171905443
26.264283456955148
26.26390299814025
26.264208614751077
26.264000775478934
26.26375897553062
26.26370136514292
26.263240833550686
26.26314818783203
26.26255691765724
26.262224527768865
26.262027393626738
26.262119102717886
26.262025594329224
26.261887618571443
26.261547911452922
26.261269162946984
26.26108041417983
26.26082441103327
26.260718211946145
26.26012396668226
26.259899406545376
26.259542955120626
26.259198967123083
26.25899622064971
26.258479620443026
26.258014866773536
26.257361025572802
26.256929105061037
26.256499266176586
26.255835562442314
26.255256394518316
26.254721573972702
26.254227057042176
26.253544080259076
26.253004602409685
26.252213855574517
26.251663082392742
26.250815734632496
26.250423262045068
26.249575765805023
26.248960245542428
26.247917903244154
26.247615102938177
26.246998644722908
26.246708405761446
26.245940271555966
26.245902194111675
26.245223029032942
26.24477515199068
26.244169926873667
26.243915803926328
26.24343072177398
26.243368938968757
26.243048551593784
26.242907178726178
26.24241282574673
26.242132569163413
26.241860195307712
26.24117309286841
26.240787756791917
26.240173187958806
26.239552617935907
26.238658262523874
26.238363339717814
26.237538423280384
26.237270828178257
26.23629367179475
26.2363299600306
26.23544692350434
26.235559150484228
26.23480154380789
26.235042301531504
26.234756227193113
26.23463281824781
26.234528685371764
26.234561401072657
26.234693384833992
26.234602514223305
26.23490158973992
26.234624584698544
26.235126522662235
26.234777194117136
26.23536124805009
26.23578432842896
26.23619812606218
26.236877522641414
26.23729079203556
26.237422915677552
26.237720091433836
26.237826365855344
26.238180327999242
26.238628347601015
26.238822334075476
26.23914787665273
26.239042801780936
26.23931886049267
26.23927147169794
26.23941992848515
26.23934746962792
26.23969027844931
26.239089738681265
26.239166791876464
26.238740374396134
26.238694667585168
26.238194908428337
26.23812368423653
26.237633073313624
26.23748579416327
26.236673834700103
26.23652595060983
26.2360914145226
26.23552915954322
26.23474095388582
26.234495356291312
26.2340860622092
26.234216696858738
26.233566045353058
26.233423849397912
26.233029474927218
26.232403108253806
26.232178214358342
26.231448586100193
26.231492881550192
26.23063483806441
26.23052049002659
26.229675859419892
26.229372284780336
26.229091129099334
26.22859309041989
26.228307589431346
26.227588998254603
26.227384117257962
26.22686071543825
26.226369177354517
26.226020371932158
26.225474666631673
26.225135446971745
26.224463304621356
26.22428084099819
26.223442429509994
26.22313142470717
26.222351420171385
26.222239408512205
26.221688095588117
26.221387065987933
26.220786132542834
26.220663311736597
26.220281148167643
26.219887335420232
26.219530281015977
26.219118423741705
26.218685300202832
26.218206968687838
26.21783090819028
26.217344183599536
26.21720733822979
26.21676922274608
26.21640535492755
26.215611011097796
26.21514009279049
26.214509841104988
26.214228356494644
26.21350430576735
26.213234061176077
26.21254934945771
26.212418952649195
26.21183420484337
26.211403441882016
26.210969050689883
26.21032231937862
26.210241136425054
26.209293711553045
26.209279758818003
26.208683601033904
26.208739098117697
26.207910851237738
26.20790607012308
26.207796101185693
26.20785098820225
26.207854933622716
26.207685834078674
26.208233030753014
26.20832280756444
26.20875274531436
26.208856599582006
26.209043784402066
26.209173883912193
26.209192570547188
26.2094832138769
26.20970438438867
26.209700330512995
26.209629032686603
26.20986764269705
26.209606850050797
26.2100187505307
26.209804623764448
26.21024391981632
26.210177352707262
26.210367609613698
26.21070008338899
26.21121657630596
26.211164750769782
26.211336350430784
26.21134537928524
26.211335873095003
26.211128881335533
26.210972100714937
26.210712520994214
26.21088831352808
26.210240758119717
26.21017353831114
26.20962332798561
26.20941450154074
26.20943905290495
26.209001560125134
26.20878297252411
26.208540020864007
26.208186331837304
26.20797844257759
26.207957745707642
26.20752232458169
26.207322686349002
26.206868030178676
26.206564800696963
26.206235306823263
26.20575853989927
26.205403529501716
26.20477978032511
26.204363111910197
26.20347106510824
26.202775187849685
26.201824502370975
26.20075843404425
26.20017873616847
26.198915458855836
26.198248061044254
26.197062388919875
26.196481442368334
26.195736108436552
26.19518117546914
26.194010691586158
26.193779088545305
26.19292589838124
26.19232723241997
26.191441701148726
26.190820607305675
26.19022989064755
26.18944466280761
26.18923398464642
26.18870291813377
26.188609327733356
26.187954245677464
26.18802866255369
26.187238969400877
26.187096696948686
26.1867452991865
26.186269367265325
26.18613529600055
26.185868913093554
26.185714619517697
26.185105275973562
26.185280731270957
26.185127928650488
26.184895125367813
26.184648299283133
26.184194645964336
26.183745011080365
26.183314279138337
26.18302866063683
26.182760567013574
26.182339181141
26.181869694703906
26.18163083958376
26.181140825420044
26.180969518845437
26.18052065284973
26.180269440885994
26.180017670181883
26.179582099176315
26.17931028861042
26.178931999419206
26.178773888194208
26.17822906139804
26.177976479513518
26.17755749819927
26.17729486462281
26.176965578983513
26.17653451514269
26.176112543985784
26.175402954840475
26.17545318778189
26.174507941376536
26.174275109749683
26.17347233979426
26.17318860041705
26.172353719492655
26.17242772367687
26.171721344729594
26.171923863515396
26.171879393053736
26.17209308434103
26.172217104006677
26.17207304025331
26.172595465851686
26.172428260118128
26.173030951073528
26.17305581138908
26.173385771295653
26.17372744056158
26.17384373202534
26.174409447196226
26.17454834255209
26.175100432173597
26.175363164088893
26.175709819489228
26.17558314203872
26.175859351321144
26.176009454266307
26.17637638429978
26.176541412686976
26.176225128782203
26.176581654793715
26.176180446349868
26.17634641034855
26.17597492782052
26.176357036612025
26.17642141075368
26.17687222268687
26.177077738958143
26.177336889911565
26.177217179835765
26.177291937493887
26.177299651895545
26.17708883670157
26.17711083710291
26.17653056505706
26.176957927430312
26.17644739158655
26.17641574043114
26.176100045622363
26.1759127911192
26.176237249863675
26.175945121560375
26.176150942236596
26.176016520801255
26.17594762449201
26.17588817021811
26.17570620243775
26.17559977396901
26.175345225411277
26.17530798195494
26.17517840799669
26.17540701539223
26.175258731674834
26.175157174158596
26.175154352916042
26.174860190235727
26.174707700420733
26.174476057250132
26.1743975256191
26.174037344852856
26.1742690354436
26.173846882271604
26.173744706035315
26.173108757202957
26.172866137382368
26.17234563269068
26.172265576416542
26.171811857714115
26.171722992995342
26.171258464906707
26.17118498583466
26.17121446921817
26.170903422223077
26.17057564657315
26.170124419656137
26.169980621495263
26.169430126627024
26.169367071943505
26.1689245839854
26.168498953807134
26.168188783840694
26.1678623071152
26.167627536447338
26.167180352489186
26.16670555170281
26.166456334076283
26.166314224589108
26.165524375231797
26.16531877949913
26.16458173784483
26.164576297942475
26.16366760379698
26.163518466518205
26.16277397130577
26.1627539832713
26.16205221368629
26.16228152350375
26.161546842572857
26.161226279548945
26.160672635156036
26.16054867454205
26.16052059252576
26.160406869213517
26.16039498121323
26.16007244157089
26.159940411718022
26.159785752997596
26.159674514117746
26.15943903285201
26.158973527103715
26.15866559395945
26.15826150913957
26.15803210812613
26.157698818459608
26.157266040089674
26.156943980516253
26.15644811149749
26.155511928409837
26.15540590421373
26.154365253811278
26.15444547641993
26.153852162900343
26.15401842903878
26.153443564961513
26.15323640143203
26.15321571790311
26.15304765774102
26.152933901982504
26.152800189254187
26.15291819820131
26.152666821471932
26.152798852222517
26.152560535576796
26.15252284033483
26.15273461309661
26.15269839520492
26.152814438975675
26.15245898344298
26.152481109985715
26.152169005278463
26.15207430250402
26.151672574077168
26.15146539838974
26.151175055715044
26.151087215174304
26.150640467330533
26.150225039687935
26.149627275754284
26.149100201968526
26.148458914152812
26.148129180123657
26.147187944283452
26.14679096639595
26.14610266888199
26.14589876554456
26.145472078823538
26.14516047130173
26.144715593534855
26.14449927506663
26.143931124658103
26.14337212417349
26.142763520348087
26.14237380761682
26.14177548660701
26.14117689259746
26.140841293423215
26.140412155309832
26.13987129921226
26.13917426111957
26.13858825861312
26.138071979610213
26.137171399579756
26.137259798623553
26.13696684585728
26.13680717036705
26.13627087145909
26.13583713862254
26.135395337340572
26.135179225745027
26.134866027051295
26.13460847138419
26.134198955354165
26.133983395292034
26.13344892297105
26.13326564746948
26.13281650018463
26.13250063847274
26.13196852939616
26.13185480713668
26.13154882319009
26.131143725561454
26.13078117340855
26.130374014743772
26.130188017344956
26.12981779910288
26.129195421538277
26.128594399830426
26.128153480631834
26.127466325684022
26.126901646542162
26.125928467270803
26.125674178927227
26.124670033823794
26.12437486806624
26.123245394295594
26.1232323377967
26.122412292385768
26.12255362584814
26.122022910757273
26.122458666427608
26.122305146256842
26.12261610947842
26.122657384267995
26.122804964607393
26.123144352012243
26.123123292536818
26.12341911862324
26.12331153991006
26.12376778435381
26.12396676651695
26.124259278238405
26.124266676224458
26.124715911941728
26.12472615362636
26.124955930416675
26.125095896771455
26.12509727046661
26.125205326722657
26.12528688534386
26.12516558717808
26.12504000487123
26.124763834714862
26.124507611942988
26.124421524397086
26.124013739966564
26.123922923212312
26.12362480223232
26.12303761047126
26.122333098931335
26.121652763347637
26.12106839149814
26.12036708234399
26.119634486158674
26.119017977386218
26.118309291362426
26.11756298241167
26.116650356000317
26.115714768677943
26.11520519334666
26.114281564953018
26.113661754337556
26.112752259836867
26.11220165211483
26.111075745146568
26.11065335951357
26.109566911982476
26.109160678908886
26.108190344720438
26.107790914587575
26.10738583437314
26.107242109431986
26.106957410896037
26.106848856926426
26.10656543311206
26.106031351970582
26.105916279453595
26.105602345501104
26.105481915492632
26.1049664690368
26.105030521950447
26.104354294589772
26.10401649733484
26.103399746267165
26.10330435141151
26.102614990664208
26.10232042556369
26.102028555919503
26.101488836092827
26.101091274786246
26.100511892006804
26.100262138648674
26.099915237190714
26.09926033125079
26.098775254439076
26.098386907801792
26.098008244303767
26.09787262127124
26.097289403586466
26.09676245907584
26.096481924921452
26.095749597259925
26.095378951847373
26.094417429507416
26.094234021598993
26.09329742020545
26.09296005866298
26.09225504215219
26.091897473330818
26.09143449129169
26.090969629633392
26.090169629031735
26.089799478189697
26.089324714313143
26.088782742774836
26.088503315772055
26.087943854876464
26.087596072580762
26.08700986621851
26.086602051407496
26.0860328433396
26.08577731068292
26.085275847535616
26.084829499897637
26.084327948180444
26.084175605495773
26.08385860448398
26.083596934173148
26.083367258906016
26.08315133984981
26.08245479482704
26.08241557514994
26.082009742918196
26.08192918412889
26.0813924080351
26.081015440758204
26.080404822374778
26.080156031297346
26.079665291255644
26.079456254339895
26.079044388167752
26.078738230058477
26.078379504125067
26.077908844325126
26.077427382479232
26.076656685387263
26.075774771728234
26.07494753543001
26.073929203456245
26.07339835852774
26.072403134133808
26.071902120525323
26.070740336445432
26.070540922079214
26.069497995070673
26.06935493874237
26.06856659286499
26.06870545541796
26.067977426973535
26.068429464221587
26.067674696529753
26.068413318629293
26.068202829620503
26.068948229656502
26.06936838271702
26.070079258141114
26.070538848584928
26.070844757502694
26.071617291506605
26.07203621050938
26.072906868703704
26.073383914518665
26.074128676523586
26.074557646998443
26.075097057583566
26.07558756935337
26.07590960655905
26.076281674870394
26.07619484352753
26.076772227044067
26.076899193205463
26.07693051052419
26.077056109682193
26.077315464849313
26.077394858266562
26.077066546548572
26.077353539442363
26.077608569196684
26.07776987972872
26.07776817477431
26.077946248061107
26.077920514841338
26.078059402425065
26.077908538184147
26.077605931753336
26.07752596635236
26.07721527506569
26.07737664688491
26.07679866668825
26.076793382005516
26.07671454100959
26.07634450354457
26.076069570522208
26.075577931903226
26.075236288178143
26.07479962320145
26.074723523427647
26.07443728622104
26.07408378597123
26.073983028710913
26.073195864568056
26.07314430917731
26.07248317604735
26.072200201429713
26.071258118707537
26.071039703542844
26.070229289655277
26.069980671114017
26.069660475899127
26.069326802598994
26.069016853533867
26.068408289367934
26.06828669429008
26.067660754026605
26.067734639751304
26.067497393912866
26.067021624524003
26.06690249824347
26.06654330694475
26.066197945308666
26.065799456708003
26.06555423067872
26.065129280512544
26.065068227754512
26.06448624870247
26.063828996835603
26.063622366430494
26.062718942338293
26.062606468286184
26.06252158792246
26.06209735535223
26.06169968502705
26.0613170049485
26.060678140645276
26.06013335147669
26.059680257928513
26.058889100437582
26.058366385086895
26.05747063703295
26.05709979452046
26.056389893385543
26.05633325102271
26.055618108680235
26.0552384639702
26.05463816948562
26.054017599510185
26.053397374758465
26.05292984753669
26.052709513436234
26.051948493130862
26.05147291718354
26.050450888988706
26.05001778919041
26.04908601373161
26.048573974106198
26.047793260449943
26.04746102508154
26.046635443176203
26.04624184192587
26.04525969889009
26.044870167855358
26.044178936397596
26.043579207929923
26.04277418432669
26.04204095015866
26.04155622673008
26.040911418634067
26.04059897781767
26.039600780746426
26.03919611434247
26.038071944504836
26.037535364243965
26.036844705260037
26.035793197800118
26.035246026566465
26.03467016645292
26.03414262699686
26.033611435555848
26.033283163348987
26.032860449228103
26.032680504279885
26.032133478256192
26.031595173651965
26.031038521914837
26.03081568128775
26.03045385164153
26.02972716421503
26.029253203316358
26.028507467893625
26.028356150022205
26.027787368650127
26.02735088626604
26.02651459953066
26.026371501308322
26.025686081758977
26.025201667604016
26.024634605606774
26.023892194392396
26.023513532384463
26.023015073762163
26.022409588550627
26.021802929538133
26.021435212804075
26.02098496556004
26.020609686202782
26.019913410364197
26.019777483344157
26.019354913463633
26.01918463240688
26.018685488324117
26.01797398291908
26.017709205782715
26.016732852292247
26.01707042350106
26.01610441060615
26.0159610336394
26.015469162027305
26.015382516164355
26.014740028417116
26.014599470425367
26.01409110456018
26.01400986389928
26.01393065331344
26.013765127593885
26.0136794753271
26.01367832844651
26.01368072012114
26.01343229691441
26.013289672654707
26.0130446353362
26.013003836849297
26.012483991900854
26.01274546065731
26.01234503136485
26.012400011478768
26.01216902296864
26.012138916385922
26.011828896646477
26.011501238011082
26.01132428426967
26.011128796868558
26.010686184392963
26.010289813196703
26.010084626051025
26.009438148314104
26.009071730062736
26.008326593366675
26.008416993801852
26.007648472578815
26.00771564579714
26.00696923321109
26.00719437299683
26.006988676793206
26.007254552674034
26.007077923640907
26.00722013264661
26.00735457707165
26.00749288206697
26.007990176866386
26.00776050056416
26.008408678509895
26.008330382424177
26.008549818746257
26.008717977648878
26.009149180900298
26.00957183382018
26.009591889586478
26.009899022592865
26.009876490674714
26.00985779511694
26.00968433384547
26.009897215569037
26.00960533678546
26.009662928913087
26.009303299425742
26.009340141444838
26.008828751799253
26.008941602433588
26.0086495992839
26.008657968259126
26.008414786354706
26.008355928372993
26.00810503500057
26.00802884913058
26.007813248319835
26.00749312951589
26.007276782522805
26.00680865095326
26.007019322320026
26.006667030438066
26.006834786333425
26.00632857392496
26.00702503612287
26.006637415445756
26.00726864475234
26.00698298252918
26.007182125631285
26.007116173515602
26.00733447089979
26.007757518918485
26.007499504616884
26.008026236521985
26.008028160395863
26.008589425954952
26.00873299468286
26.008975480797293
26.009304232895087
26.009228575468732
26.009727157779583
26.00987736379996
26.010201744400913
26.010192979943835
26.010249555135818
26.01007718270127
26.010301979289714
26.01041875485435
26.010522302454508
26.010405911031018
26.010214995604702
26.010494823627898
26.010695049087566
26.010568366314423
26.010530788707207
26.0104697005401
26.0105121382866
26.010342510766197
26.0100523250599
26.009620465910753
26.009382135938335
26.00943076096792
26.00857321307415
26.008730813768924
26.00763822712004
26.007893548629927
26.00721987890435
26.00780116305854
26.00777662592231
26.008147762264514
26.00863319350045
26.009094993312903
26.009871920079103
26.00998016873667
26.010698343316072
26.010849806000422
26.011754680434528
26.012132299219573
26.012940950648293
26.013336786915254
26.014095746559658
26.014698609973223
26.014911271182992
26.015382072161422
26.015354075282538
26.01602970729492
26.016021467927022
26.01632048004455
26.016429008630425
26.016355001433972
26.01668797873633
26.01656906392455
26.01674005827116
26.016875456612762
26.016895748710297
26.017293416872178
26.01727954065408
26.017510921172025
26.017247392896067
26.01746485657387
26.017470087196454
26.01744874179305
26.017212157752773
26.01713587823148
26.017005053242357
26.01673055503351
26.016673763870234
26.016700116979354
26.016323082067487
26.01603259116743
26.015721759355994
26.0155793362813
26.01490925045493
26.014938842273295
26.014511832612683
26.01440091920705
26.014205692539875
26.013700720649666
26.013606467286465
26.012971019564183
26.012597417135446
26.012296969044748
26.011839281537405
26.01144251389783
26.010938494772105
26.01031272510486
26.00978528772332
26.009327337722258
26.00866093800223
26.008059711389038
26.007567439798915
26.007070668057345
26.006665589602843
26.006035511518068
26.00535924584235
26.0051857586543
26.00462387847898
26.004169313250745
26.00389415851233
26.003018999092497
26.00239707110779
26.001336979852105
26.001002785984415
26.000336471707563
25.99967901035608
25.998901751790203
25.998475775567627
25.99739196774935
25.997240134797046
25.996076967720605
25.9964299171683
25.995632031388993
25.995840349400087
25.995552460964003
25.995705854588728
25.995490139124456
25.99581316517328
25.996044967596546
25.996390219514545
25.996825063244565
25.996728444921295
25.997424248921757
25.997332525186803
25.99780852437902
25.997985843519068
25.998059799738435
25.998561792887056
25.998843080511836
25.99923860548964
25.999228402669978
25.999757927893402
26.00008727360381
26.00042138717072
26.00077722472607
26.000609924102598
26.000738455424788
26.000914703546833
26.001294543466468
26.001357471343297
26.001314223214592
26.001115743505885
26.0010299517144
26.000807951770653
26.000535537665247
26.000445036124788
25.999944860482334
25.999602790265598
25.999192769756036
25.998858177167314
25.998193039724743
25.997633245868883
25.997083040441538
25.996680111878927
25.995811590998777
25.995187348754207
25.994467694549698
25.993584068349005
25.992894920216564
25.9922594884543
25.991426789282308
25.99024583509944
25.989423601788168
25.98882147811778
25.987801467231538
25.98674848328578
25.985964313216275
25.984939901815043
25.984132071654944
25.983043412749787
25.982713702459623
25.981702081661364
25.98133014915641
25.98009576968058
25.979716725671828
25.978658549075014
25.97855876030799
25.97795155135321
25.977840604462415
25.97759448539557
25.976897750260438
25.97697346732817
25.976165938953105
25.976346381924834
25.975853171646666
25.976054806078363
25.975889205177563
25.975891548002956
25.975873829477173
25.975706057128658
25.976030761369696
25.975631271132997
25.97596773603003
25.975496419580836
25.975585544452645
25.97556642945524
25.975600342270738
25.975542562865304
25.97537064107922
25.975573310690553
25.975199399877763
25.975333182021934
25.975475824393783
25.97536258733247
25.97518204212561
25.975001942032954
25.974904886309915
25.97480702441821
25.974673052536936
25.974401186216483
25.974340617205343
25.97398597467144
25.973512660001667
25.97336683052843
25.9731373249207
25.972812965784755
25.972577173681863
25.97176472175477
25.971291075499682
25.9705416952254
25.969888702288095
25.969476143647377
25.968700703168004
25.968195069926328
25.96731342904681
25.9666740421109
25.965785019059933
25.965286379427383
25.964531511746625
25.964065479587557
25.963390470424088
25.962667774045624
25.962171265299816
25.961240342164047
25.960680430529223
25.959708758735637
25.95942455069304
25.958494028326868
25.95791860944461
25.95732880346538
25.956844550112926
25.956432698229627
25.95590048475975
25.955494229771947
25.954665979762407
25.95447032562292
25.953997528709223
25.95364729899098
25.953028905234433
25.952616299216444
25.95197743788568
25.951561041468615
25.950931152256484
25.95016127419749
25.949505597872932
25.94877618089212
25.948287455863046
25.947812649222133
25.9470830541624
25.946310364002713
25.945929179253127
25.945090910928972
25.944285987287333
25.9433344812742
25.942529995855615
25.941850139963613
25.941124334990487
25.940740339516466
25.939967176356276
25.939506229956496
25.938707525279916
25.938143869020045
25.93709612740534
25.936508496554367
25.935598058542663
25.93567346403355
25.934643003735406
25.93438954896226
25.933257079870017
25.933127450469698
25.932399402178167
25.93240940649626
25.931856244835423
25.93189956122047
25.931615609366645
25.931582935844695
25.931433116803994
25.9311271741526
25.930983251893764
25.930507350141674
25.930810575809403
25.93020704824553
25.93055040530625
25.929916287936404
25.9298832524537
25.929616994908663
25.929458017541485
25.92941913953991
25.929381374646834
25.92916873798638
25.929236130256573
25.92925791168675
25.929218720265315
25.929045111904582
25.92874339286684
25.92858307178097
25.928161598355636
25.927919859464545
25.927457320070335
25.927082912991803
25.926810933959374
25.92639402210795
25.926178882224008
25.92545392597119
25.925048727254413
25.924671141910007
25.924335521468986
25.923727349680593
25.923373875841627
25.923120110821692
25.922592738125726
25.922645965615235
25.922334542669738
25.92191382975281
25.921623751706086
25.921060593601126
25.921099552893395
25.920538789262046
25.920503259364594
25.919816211934616
25.91981789273083
25.91915089672686
25.91930103309806
25.91868304012428
25.91913913075221
25.919039270147024
25.919082431106816
25.919140292453825
25.919071487679997
25.91927871889419
25.91940951876209
25.919748305383273
25.919422164945686
25.919554183573513
25.919499752633154
25.919774488525547
25.919733417737092
25.919377905762815
25.919347607743614
25.918817184683277
25.91891225508185
25.918292970328345
25.91837746962898
25.917865110327657
25.917979637923516
25.918000292843388
25.91792847630301
25.91803614532551
25.91789292017481
25.91777970008907
25.917588306510922
25.917470811457555
25.916906142062256
25.916786350159185
25.916098963908457
25.916013455009377
25.91530801218662
25.914824775560163
25.914679708713194
25.91460437089362
25.9142031382162
25.91402525604055
25.913565571942048
25.913422970638244
25.913004888890583
25.912685099923713
25.91268986460284
25.91222505130058
25.912021772726174
25.91133459822661
25.91062635866706
25.910028392221918
25.909402642592024
25.908849277320396
25.908187882546688
25.907754106795124
25.90711512950643
25.90688583435484
25.90594783078113
25.905491826358652
25.90441630264186
25.904137899170575
25.903583787861287
25.90319891099123
25.902727541800598
25.902464945861027
25.90197076779162
25.901933921265766
25.901193019564396
25.901326053237387
25.900677603438943
25.900587606106495
25.900452037634434
25.900133850640795
25.899914871243716
25.899500927344484
25.899309995762568
25.8989106132166
25.89890284964744
25.89841364099724
25.898124017975988
25.89758620798068
25.89767059265705
25.897026949738393
25.896784195944246
25.89631101554055
25.896040847429607
25.8957773280775
25.895617295009075
25.895378148975617
25.89476291251892
25.894811383134627
25.894140582874513
25.894212658385353
25.893627551096024
25.89341997163811
25.893137314406644
25.8929031477366
25.892897873158876
25.89262347007513
25.892629051810168
25.892129403481686
25.891790120470823
25.891316786158704
25.891107435444617
25.89064852942115
25.89033040501455
25.88961375151756
25.8895808497388
25.888802170196318
25.888558297414548
25.8881598414182
25.887735785016496
25.8873417521505
25.887104540790933
25.886792610543292
25.886694238540393
25.886496440216153
25.88589419151518
25.885798324432436
25.885165763151804
25.88494831062539
25.884118238894025
25.88403963141495
25.88328225169505
25.88346370770257
25.882769643631196
25.883181224387673
25.882850888554717
25.882951801294492
25.88317251759488
25.883254267815804
25.884030590213754
25.884009803797305
25.884972978725887
25.88516341548585
25.88606140667224
25.886193869225913
25.88648915146249
25.88715499355503
25.887347144904357
25.888004082554108
25.887967883014788
25.88868251328103
25.889030540875773
25.889330293049152
25.889910952721937
25.890072174762157
25.89083976491051
25.890934317361026
25.891456606520897
25.891764002185255
25.892161182425177
25.892038684206405
25.892476750163347
25.892388602102532
25.89243665849186
25.892446403397955
25.892388560185232
25.892474654882804
25.892552303990147
25.892603252697338
25.892706577180775
25.89223130777123
25.89224014660589
25.89193475096493
25.891762663680318
25.891902131130443
25.89155344803657
25.891343895602784
25.891105956435766
25.890970352911253
25.890449949085912
25.890104022858168
25.88960737285025
25.88920308071135
25.88877970114534
25.88847807695784
25.888212460523967
25.887780515476546
25.887018430690084
25.886672442617012
25.886247775870913
25.885851914254374
25.885113391279532
25.884572770553824
25.88429909877989
25.883810065839626
25.883347481623726
25.883077151658732
25.882545201647748
25.882371494796725
25.88188414591649
25.881398762378343
25.88092873975718
25.88044663540029
25.87986366296436
25.879471885096393
25.878852866420935
25.878644019823824
25.8777526158405
25.87763001739033
25.87706782414199
25.876823346791845
25.876220028272265
25.876046097845084
25.875722438939853
25.87522459533222
25.874886953444403
25.874775916271933
25.874629056607716
25.8741733582611
25.87418909813874
25.873616426141922
25.873671782028982
25.872719311619242
25.872388773371192
25.872192332893633
25.871712850996865
25.87140230079903
25.87074320977118
25.87048522959549
25.86979350625709
25.869398245552762
25.86901547549811
25.868445551112956
25.867870084270606
25.867330268956454
25.866564827015537
25.86602482024135
25.865262234507416
25.864794036030908
25.864230616364804
25.8636857906132
25.863146052505822
25.862437964223695
25.861974792128773
25.861285510787447
25.860811145533035
25.860392931049358
25.85967042493643
25.85928906067604
25.858250122858163
25.857817293960608
25.856789564734605
25.856714275764592
25.85562653663228
25.85548331767834
25.85425607903616
25.854230275664705
25.853943793911967
25.853903587199976
25.85384669375404
25.853397730856344
25.853639056670488
25.853427079479147
25.85374976556398
25.85369703942179
25.85381997642553
25.85397163049776
25.85425903369735
25.854149960389194
25.85438642783646
25.85448275663854
25.854724791612224
25.8548862969179
25.85498841792777
25.854829415588085
25.854584393558774
25.854217444068528
25.85407476957082
25.853632335152533
25.853724596768124
25.853681314858324
25.853728481428497
25.853227836436112
25.85300553911932
25.852606106844664
25.852334662089923
25.851871696934694
25.851813133171355
25.851289196086995
25.85085129753487
25.850599849688088
25.85058339665531
25.850124147659717
25.849905512361346
25.849665539526114
25.84946949901605
25.849190300831903
25.84888209693559
25.84865926438959
25.848246544324276
25.847995397837344
25.84739254931882
25.84720202716888
25.846648926844193
25.84626153231458
25.845970994275564
25.845604811707954
25.844962630633795
25.844724547690223
25.844263826355444
25.84401800351148
25.84382665682458
25.843588694035404
25.843237674485025
25.84273332156616
25.842523849083424
25.842139758219997
25.841950039998242
25.84157902354448
25.84124813093879
25.840917223015968
25.840424343548246
25.84020614333206
25.839479428874075
25.839207450812335
25.838528955753347
25.838094447706208
25.83738099733074
25.8366017979167
25.83623461691344
25.835653947307637
25.83492703377769
25.834773344280165
25.834478271176003
25.83403168280251
25.833614592899544
25.833310411326348
25.832961887478724
25.832681847334417
25.83209526202598
25.831778348034767
25.83114460158134
25.830907541322212
25.829821678622842
25.83020706065794
25.82932010971572
25.830080297773076
25.829698822850112
25.83064540370138
25.8309401698275
25.831782487163075
25.833008879838154
25.833573114287994
25.835052507826553
25.83563296429677
25.83690126617935
25.837631056135404
25.838681562850105
25.8398859680418
25.84075672698232
25.842114329419278
25.842909346411243
25.843761421925336
25.84456878091984
25.84527953411272
25.845946424728282
25.84647071458541
25.847172710103685
25.847477250179224
25.847898550758984
25.84797264220535
25.848344559107904
25.848528129138554
25.848824397753724
25.848917733552675
25.848867645441768
25.849325914841152
25.849326461316487
25.849182941753696
25.84916279899668
25.849043480879622
25.849335637142854
25.848974974246953
25.84891273733083
25.848624194481413
25.848659946041494
25.848514321452942
25.848535890640445
25.848276835497682
25.847955500080822
25.848055653916283
25.847643762140287
25.847696470690185
25.84719446281354
25.847157756925316
25.84687707406703
25.846662322263757
25.846412268559007
25.846174388381794
25.84599881262684
25.845502169754667
25.84517688771182
25.84492061081393
25.844486123964057
25.84388258500022
25.84356765057563
25.842738148605214
25.842712188192102
25.841767583618687
25.841690130626635
25.841000369665764
25.840658985299953
25.84049550488935
25.840072795819896
25.83990491882095
25.839390209335484
25.839296628936367
25.839069182374054
25.83861271347148
25.83829870497917
25.837350354975722
25.837148716275568
25.836429248847143
25.836284469254345
25.835678829244237
25.835367198904628
25.834883149193196
25.834944560311726
25.83425057045258
25.834373776956774
25.83352910143137
25.83372169257247
25.833085947138947
25.83306618584941
25.832924300761967
25.83242184460604
25.83258614656195
25.832940436233883
25.833245022990837
25.833395466488422
25.833388651930697
25.833449804844996
25.83384665789517
25.833534715556304
25.833705419271652
25.83349046383467
25.833235964156106
25.83303329686535
25.832630168040197
25.832398626137056
25.832140278047156
25.83194564872038
25.831738521630445
25.831145173059646
25.830926418333586
25.830340563638146
25.830207086523245
25.829471817255083
25.829261965826905
25.82869473272285
25.828176767655403
25.82809723451318
25.82768471476316
25.827561451370702
25.82691403798183
25.826699638219694
25.826161098899455
25.825879677446096
25.825524905542395
25.825328218992112
25.825141218500814
25.82492263086728
25.824670542585487
25.824000115085028
25.823598359256827
25.822879451458686
25.822477230919375
25.821961831869274
25.82151774027915
25.82072765798905
25.820139706876212
25.819381764476788
25.819113310664722
25.818449478983307
25.8182997622348
25.817583241973665
25.81702215830881
25.816529144863033
25.815816883932957
25.815351483960907
25.815148825806332
25.81430072558029
25.814357961837693
25.81343197267998
25.81346755887916
25.81284432551375
25.812348384133852
25.812208139856732
25.81157155077851
25.811438194342585
25.811388725483727
25.81147003086514
25.811162652118732
25.810750980905016
25.81060750941962
25.810111837852958
25.810102616721487
25.809729119854524
25.80964881223013
25.809089145371196
25.808939313584087
25.808792566603763
25.80836904964459
25.808168753330996
25.807312768815688
25.807115760369705
25.806569702449252
25.806192590609697
25.805675540412164
25.805429817422
25.804624299791907
25.804135061292065
25.803804785695604
25.803424473708347
25.803049123302642
25.802067461953246
25.80206453747051
25.801592889436996
25.80169416835021
25.80115586299067
25.801204172339617
25.800573590220242
25.800426494738176
25.80018658503766
25.799996444504963
25.799829165431156
25.79980693141969
25.79961395044669
25.799327718857583
25.79907278449303
25.798934430667792
25.79874664401517
25.798274939861223
25.79831196892352
25.797856754782728
25.797526474986977
25.79712196284852
25.797008441896576
25.79637723840959
25.79590601005377
25.795517405078353
25.795404623534097
25.79469944316067
25.794490939606458
25.793504377258294
25.79360723329154
25.79323853041226
25.792982806627066
25.79263271331815
25.792133615111304
25.791980477864183
25.79167789357808
25.79196032346961
25.791716760650765
25.79175155665324
25.79118456625869
25.791196639401228
25.79117384667397
25.791218479111922
25.79099035710304
25.790769303785023
25.79053497506301
25.789874056642063
25.78948379917851
25.789005146579314
25.78861377297539
25.787875279210553
25.787763481760997
25.78697873747137
25.786724179600142
25.78586558910757
25.78526371251501
25.78461512386255
25.784078024392464
25.783576307877635
25.783383328389675
25.782390951908994
25.782110199440744
25.78141732216825
25.781415091383458
25.78096078319845
25.780760566020543
25.780288818663934
25.780091549171896
25.780025379776962
25.779897713505928
25.77955916855899
25.779386287989297
25.77930681815284
25.778747289559533
25.778753522148182
25.778318964022787
25.77829372350173
25.77765750961333
25.77758295889975
25.777118745235683
25.7772616025255
25.777096631039814
25.776893072963567
25.77665411633481
25.77608306212039
25.77581530247084
25.775544782238246
25.775206429023413
25.774957975678078
25.774391792461962
25.774140738052466
25.773431385142743
25.773444309831607
25.772648185032384
25.772857479672272
25.77235812530531
25.772593400726777
25.772565300639467
25.772562954612518
25.772645983476657
25.772605115182046
25.772991767484342
25.77317298652656
25.773210022340454
25.7731659729577
25.77346609693265
25.773305750307827
25.773449299091812
25.77343023607444
25.773398061618366
25.773291809587636
25.772942139846243
25.77307535849672
25.773052109762517
25.773169437505356
25.772888939423737
25.772705236335636
25.772763670117076
25.772773036794923
25.77258794917965
25.772271157333254
25.771867465180527
25.771724269556884
25.771147088940197
25.77098056295158
25.77038725841815
25.770194950848207
25.76964010439
25.76925882738646
25.768761895379797
25.76858164991524
25.7683571689047
25.76787008890382
25.767391926674282
25.766697366707906
25.76648615258305
25.765660602612638
25.76566471355627
25.76500287553038
25.76524261020979
25.764711789764306
25.764642956978555
25.76416047836229
25.764119350142664
25.76372833639941
25.763635668018185
25.763433467501446
25.763078686979416
25.763048111076085
25.762352280223077
25.762885225859932
25.762360649171075
25.76274413322741
25.762775072503725
25.762585924748652
25.762909170118114
25.762718984557246
25.76317525506642
25.762998192507087
25.763561916574297
25.76357666535867
25.764105048233738
25.764254047690216
25.764249667339914
25.764544213279976
25.764552196533415
25.765007312645466
25.76491308345123
25.765026329330844
25.764843559367524
25.764739082203945
25.76468707032506
25.76441619634222
25.764298983298556
25.763912670042778
25.763478498329107
25.762871564985296
25.762556426191004
25.76225670460302
25.762052754575777
25.761819249887896
25.76094004474134
25.76037899199576
25.759618700533057
25.75910227245646
25.758326309830714
25.757549410697294
25.75703536649554
25.7567004669963
25.75584534603699
25.75538314809899
25.75475771132926
25.75410312641874
25.753466728224033
25.752845366990865
25.75227176149663
25.751721099024213
25.75124724831557
25.750698419369744
25.749882577620472
25.74945581251645
25.748673513877804
25.74877521815237
25.74792624383054
25.74804518705588
25.747229156381707
25.747306334814446
25.746574776152123
25.746373389637004
25.746122411036865
25.745871476303577
25.74560752529065
25.74493867842966
25.74472366014016
25.744128288241935
25.744101829221325
25.743318387419546
25.743195095962133
25.742922901309434
25.743045501706384
25.74288196999867
25.742773510861912
25.74267916657563
25.74230169995651
25.742247790611337
25.741956344016167
25.74175913240917
25.741483520876514
25.741413041768592
25.741096680516055
25.740842817732428
25.740335442712258
25.739887091688068
25.73972624719515
25.739071961786234
25.738604588505986
25.737807716295464
25.73753021674596
25.73695963022892
25.73688354988998
25.736093019033245
25.73579393279937
25.73520702637297
25.734803100460688
25.734212378259404
25.733688944069264
25.73314186137516
25.732800589644192
25.732523660040137
25.73227817179328
25.731492450792366
25.731140837407366
25.730614831467605
25.730283853589505
25.729491325222178
25.728915687458247
25.72812931996172
25.727789588151964
25.72714153218432
25.726648055296106
25.726260984218435
25.72590823996858
25.72559811717386
25.725179543565847
25.72489158107073
25.72414406600993
25.724022262589365
25.7233038435469
25.723255937260916
25.722470977075265
25.72232777686127
25.72167932675567
25.721196127620733
25.720720369805093
25.720336717081935
25.720137751789892
25.719439627512717
25.719393526415338
25.718892457980775
25.71916501195728
25.718823715307693
25.718836600343636
25.718599320924426
25.718658473985094
25.71826049633579
25.717744035297
25.717032363017612
25.716678064146915
25.71611550105566
25.716064361619946
25.715691721935343
25.715552603104474
25.714995554211583
25.71465809673048
25.71425794530466
25.71374342886665
25.713691736755685
25.71337395780002
25.71285277516603
25.712397154891743
25.711701265164663
25.71133030840086
25.710368529544866
25.710250745312436
25.709474565682324
25.709096932119174
25.708333909047745
25.708340321084062
25.707304166305903
25.707399085983766
25.706908139521204
25.70724030796946
25.706783151177014
25.707202071528876
25.70714474647246
25.707550053664466
25.707465683613833
25.707860222044467
25.708225828049688
25.708478151427272
25.708942115258814
25.708765627011942
25.709295667482976
25.70924142663315
25.710008257640595
25.709780326801663
25.710374843830458
25.71017072393754
25.710580185967352
25.710723733045093
25.710772527554116
25.711071806263
25.711020967056342
25.711510125281862
25.711337986970875
25.711764201084826
25.711754277591965
25.712387350416872
25.712397953333024
25.712448467947674
25.712537374586823
25.71286238434861
25.71297090740163
25.71311342239442
25.713551029950295
25.713635999224454
25.713749847700598
25.713311270407164
25.71350917432
25.713113139383506
25.712817264931317
25.712833998133572
25.712503015782758
25.712315673357725
25.711794028793204
25.711468395203095
25.711174411785063
25.71116638862221
25.710838813987426
25.710575207280378
25.710163804323326
25.709924978298936
25.709610729753116
25.70880761585415
25.70858058522291
25.70832584626551
25.707726163587274
25.70753785672217
25.706885407767675
25.706527297492503
25.70578281792208
25.70552074297129
25.704741032902948
25.704484583290217
25.70380275365752
25.70355896940391
25.702725499772598
25.702758890709767
25.70180935138129
25.70192707519251
25.701837724670575
25.70202841319677
25.70231000882714
25.70234044833625
25.702473242117566
25.70242361020469
25.70251107866506
25.70270108528808
25.703157107687375
25.703014353042985
25.702996967356853
25.702921939690437
25.70309647515517
25.703119186207918
25.703093553326415
25.70284354604747
25.70275520128657
25.70250839646061
25.70251719557622
25.702078302546795
25.701878764885375
25.70155807363121
25.701094428924627
25.701056719290104
25.700430676593715
25.700526101275155
25.699720600175734
25.699811838595195
25.6990782386517
25.699734951524622
25.69899658283964
25.699730754398633
25.699737945122955
25.700456711018713
25.70098376441017
25.701391157030038
25.702251501015336
25.702768606561463
25.703657004662436
25.70414315653705
25.705022928280258
25.70520205317208
25.705654506026455
25.706338566813685
25.706278160885937
25.707395005525765
25.707348277790704
25.70847056572739
25.70869408798259
25.7095304627859
25.710489912483695
25.711235657931255
25.71229648443971
25.712732496796605
25.71366020313977
25.714270937787692
25.714590311049427
25.71525848315752
25.715447392221332
25.71616594984291
25.716332739572188
25.716968872387326
25.71710229640479
25.71745636797679
25.717939450674262
25.71809351756839
25.718326591545658
25.71824809055795
25.718667065861887
25.718970102917453
25.71920678750778
25.71925379577417
25.71934655266481
25.719142771228118
25.71928349894217
25.719254930683242
25.71885866597668
25.71864150109892
25.71788268683196
25.717602692325414
25.71718525230223
25.716629153204735
25.71571202302369
25.71520294440187
25.7146056179052
25.713717647801076
25.71333252421106
25.71243835376494
25.711811748432556
25.711139549877394
25.71062819262754
25.709814825442216
25.70925860628489
25.708504452667352
25.707699234002046
25.706847512406966
25.705888365408605
25.705459061645236
25.704408582573578
25.703935510445838
25.7029761709271
25.702411347952836
25.70181649060013
25.700941053987925
25.700313790156933
25.699266116538666
25.698843888251343
25.69772487620115
25.697024482324785
25.696086326309505
25.695053199902723
25.694342617240174
25.693203506601154
25.692718420447452
25.691962969267635
25.69169386431569
25.69082744867478
25.6904916150257
25.68931033803215
25.68905777799705
25.68816281121848
25.688006880735777
25.68734121841338
25.687372898395907
25.686702641646697
25.68670842029114
25.68667466134626
25.68670498489147
25.68668881134971
25.68651363384464
25.6865386740167
25.686154027283038
25.686291517967167
25.68615897574641
25.685911980367734
25.6855852684348
25.6852531186573
25.684962464903485
25.68476594091409
25.68423454528743
25.684001698262186
25.683414815366753
25.68332848298469
25.682984730666234
25.682663713312696
25.682183872663916
25.681786048618473
25.681717136773226
25.681323900892433
25.680808379880318
25.680201023922194
25.679928543039907
25.679270497169163
25.67903832221105
25.678365946977102
25.677851102981094
25.677449286577556
25.676967757817742
25.67662788551153
25.675783944685048
25.675771072189985
25.67509352152992
25.674968500691534
25.67447724055029
25.67456811550786
25.674340804802736
25.67457962533812
25.674656174317732
25.674512545866406
25.67477314926434
25.674467475472937
25.67492377591623
25.674789110573602
25.67513862213053
25.675147452200022
25.675155910230593
25.675336919798035
25.675318673453383
25.675483713339332
25.675525964141855
25.675474511630654
25.67544505893988
25.67524221892181
25.674984428619144
25.674946631667957
25.67506551051188
25.67452338314081
25.674450526445955
25.67386702686347
25.673802876076273
25.673559418797744
25.673300464250055
25.673130862630078
25.672524504168976
25.672495619037974
25.67156358226442
25.67138613651862
25.670388955538073
25.67036666857591
25.669938834068287
25.669875385477656
25.669764688018564
25.67004548731628
25.669903058062083
25.670069311605964
25.669885903084012
25.669765876964856
25.670105809712748
25.66998981357939
25.67016219500043
25.669868509534094
25.66990686082962
25.669839454220252
25.669959307090167
25.669964953954715
25.669867038695205
25.670029034698633
25.669943460538537
25.669889481962727
25.66979153025592
25.669644530071572
25.669246479021428
25.668751888324316
25.668661809776086
25.66790833196986
25.6678797863187
25.667124058181905
25.666856418994573
25.666335430528143
25.666130115931047
25.666095692561235
25.665832956357114
25.66539580818761
25.665097210725783
25.664686122741493
25.66425294483306
25.66368615700295
25.6631280475549
25.662548112246867
25.662168527262708
25.661485835844577
25.661183317672265
25.66019163828052
25.659762945433123
25.658954502332886
25.658581567435405
25.657964072516005
25.65742321996503
25.657185053524742
25.656363896561302
25.656325008130217
25.655556103307863
25.655248987276703
25.65429590672981
25.654177376558508
25.653743667695387
25.6535587767016
25.653292383652815
25.653010053486888
25.653204634348697
25.652731635251445
25.652818702145144
25.652445849040944
25.65215494251654
25.652001197554902
25.651867508750552
25.651735800609966
25.651560607790024
25.651240084442133
25.650952525842495
25.65079966587529
25.65073295942714
25.65072816256764
25.65057644433976
25.650232076805363
25.650038798827694
25.649467826496647
25.649213579085497
25.648652820109955
25.648404522239495
25.647845664559263
25.647503653563074
25.64650878376904
25.646459041381195
25.645538855018582
25.645287311410307
25.644431144062338
25.644047763540698
25.643591869308242
25.64303147554716
25.64258621869137
25.64212944432642
25.64191165986368
25.64125186699429
25.641169306834076
25.640650679429182
25.640501216172773
25.640062116555754
25.640087582680163
25.639713142562176
25.639419670088653
25.639356189948266
25.638981279631253
25.638822239058708
25.638590994573164
25.638500712938082
25.638299832697612
25.63814058694481
25.638045428795508
25.637793836324796
25.637474092175808
25.637231592708325
25.637242957832424
25.636734147995767
25.636292203614385
25.635961280584855
25.635415961117314
25.63477453868498
25.63407885328999
25.63316033506236
25.63264988275798
25.632134973801808
25.63151923864307
25.631032261225606
25.63038611960311
25.62999677461641
25.62922502247323
25.628783698987103
25.62812088307274
25.627400689879337
25.62693069252854
25.626218655041164
25.6257509740097
25.625042604641813
25.62448199662947
25.623703464616767
25.62312206402964
25.622455135616484
25.621644888090884
25.620929609156235
25.620244471574736
25.619630000569916
25.618774506552526
25.61777551439946
25.61700204001696
25.61626781912626
25.615729664503863
25.615046474029114
25.613821502521056
25.61265351054759
25.611544715945456
25.610569074533874
25.609645632489343
25.60854006823004
25.60782695779539
25.606890120503024
25.60620878460793
25.604704328327124
25.60404916341514
25.602809646545698
25.602254858610433
25.6010905818625
25.600407863706643
25.599499138754535
25.598876386104532
25.597932324049765
25.597474912621827
25.596813595324473
25.596589264691257
25.596004792950104
25.595913463753174
25.59535613944437
25.59505938259402
25.594819795562426
25.594317285852526
25.59400285097262
25.593620421660916
25.593382332280793
25.592596484158655
25.592603229742892
25.591835901676614
25.591725706936536
25.590837919634566
25.590825610164153
25.59037144858649
25.590485934909545
25.589775533150455
25.58984647109462
25.589428230012686
25.589803077065444
25.589608769668153
25.589782071391124
25.589890300534233
25.589970003816845
25.590686535054687
25.590403401561133
25.590901755689327
25.59089472887512
25.591206784103594
25.59128284654614
25.591583446289423
25.59188020966058
25.592142859339546
25.592257612871943
25.59258270554509
25.592741401674743
25.59290740075685
25.59325499940146
25.59355405415079
25.59381082948303
25.593942643081732
25.593539325482922
25.593579216980245
25.59330982918845
25.593205969266837
25.593033574172047
25.5932284506196
25.59294920186911
25.592924575767068
25.592635464005923
25.592477759686318
25.59224409842553
25.591845935643434
25.59205755898537
25.59160851800955
25.591587249486114
25.59112698018764
25.59090411378768
25.5905305771604
25.590174625620786
25.590072611305285
25.589768247026754
25.58924252143438
25.589083144037865
25.588529127439585
25.588407393077162
25.58824960080816
25.588331975354425
25.58813021158841
25.587816489843558
25.58763533457352
25.587138949535504
25.586973304225854
25.586417651642588
25.585955673625644
25.58573060281201
25.585356775509844
25.584996524877134
25.584542315018304
25.583872975547003
25.58337361788211
25.583051083956363
25.582540579097184
25.58213481625421
25.581454853056474
25.581099195091667
25.580500622232456
25.58019288739417
25.57964415385035
25.579543258149926
25.578852819541147
25.578822868162113
25.577932635225494
25.578332412121064
25.577303624045303
25.577969521275435
25.577653648699638
25.5784734746171
25.578541126147996
25.57928135161445
25.579997039542274
25.580777916956894
25.581759286278153
25.582221307499893
25.583217062908435
25.58403764315361
25.584949424961625
25.58557340971223
25.586129012002452
25.586891320361804
25.587379427308235
25.58839107533547
25.589215119299777
25.590077461175525
25.5903642396379
25.59109044970753
25.591493525381903
25.59206256453704
25.592307682153965
25.592827305391637
25.593257411049603
25.593235625519917
25.593460494201246
25.59377350224734
25.594307584335198
25.5946781670297
25.594766464603147
25.594848020440203
25.594615103502917
25.594761923687308
25.59449772928795
25.594444542943005
25.59419897943338
25.59380246449272
25.593594980734427
25.593087715598838
25.593218746173495
25.5925834421257
25.59271687241099
25.592022521690495
25.591966973537332
25.591624153951805
25.59152594429158
25.591884578814692
25.59185934217146
25.592230043101253
25.591967646013845
25.592251028509484
25.59220797254258
25.592102718162128
25.591753966083584
25.591505900864014
25.591528115027575
25.59123934394347
25.591467586495483
25.591098550706274
25.591178347958625
25.59131949052545
25.590944416587558
25.591167705955886
25.590754323165264
25.590987450904166
25.59058375418641
25.5905838912641
25.59055173687087
25.590338879890684
25.59003279178686
25.590072643542186
25.589929875554
25.589259875458602
25.588901309336993
25.588501315560407
25.588688941475894
25.588527827070383
25.58824393985264
25.58829563464137
25.588300530946096
25.588223912008075
25.58804780639099
25.587707795156255
25.587362224653397
25.587373000814093
25.58698155441597
25.586720913261573
25.58630858922401
25.586237768723915
25.585956828269186
25.585913446905366
25.585369984296804
25.584773788751306
25.584530163167255
25.583942602604335
25.583762198151735
25.583096593176393
25.583012458460846
25.582348961959372
25.581964373599885
25.581490939361757
25.580973922289132
25.580650484951395
25.580141756098516
25.579754409709853
25.579326878661554
25.578921199806363
25.57889117053613
25.578523676981884
25.578177013310604
25.577610447653626
25.57714810374955
25.57670564934234
25.575916798086453
25.5755082941778
25.575093562154436
25.574649178313464
25.574031297111404
25.5735286330456
25.57250957515711
25.572116536806927
25.571340138966146
25.57054816978804
25.569672862973015
25.569000253371613
25.568510819359133
25.56743920742538
25.566900804077658
25.566012447386733
25.565577415145828
25.56500610543973
25.564257258339616
25.56348531627213
25.563087527407017
25.56282627793015
25.562107133169825
25.561621144389086
25.560692418199423
25.560164837844294
25.559431271296873
25.558750126886377
25.558052565555556
25.5572380992731
25.556507468777056
25.555667081836514
25.55482317229969
25.554047119108052
25.553284102885236
25.552402246150123
25.55180843246464
25.550913394293918
25.550343179333733
25.549215109349923
25.54886312398372
25.54811957273474
25.547534901346545
25.54633065879787
25.54609671692635
25.544969717192
25.54469038778057
25.543855621845466
25.54417790510093
25.54377691029693
25.54399127316319
25.54385832129153
25.544643353650724
25.544715157422296
25.545216002922526
25.54586822676668
25.546005419263096
25.546966812040917
25.547115909655133
25.548096111144222
25.548592391840614
25.549254582129738
25.549869584420385
25.550291680639358
25.550991767539088
25.55145261348656
25.552566388913483
25.552885124879108
25.553601154626783
25.55414127223525
25.5545309158107
25.555185707430898
25.555344004499958
25.55624316878918
25.55654846780739
25.55717996307592
25.5577472602278
25.558089516694523
25.558643132537668
25.55886239288113
25.5594492268802
25.559593516832948
25.559931924773892
25.560159528776293
25.56056474430999
25.560885271595954
25.560777717547126
25.56090994839693
25.56090339910017
25.561056270019577
25.56074279210307
25.560918137456014
25.560862260142173
25.561166925751237
25.561030292586537
25.560970127458575
25.56075668956027
25.560576362247282
25.560316829498827
25.560109188232566
25.559883167948602
25.559912534991575
25.55946440163929
25.559348838535545
25.559043913887397
25.55872634684051
25.5583685609777
25.557971300920507
25.557686930440497
25.557230890241595
25.55679722370041
25.55610241989126
25.555752499883248
25.554919222662548
25.5539628841661
25.553462565707747
25.552672676664447
25.55182143206754
25.551243140169877
25.550722342393964
25.54992661746092
25.548967370139
25.548244450193028
25.54751284274495
25.546534294546582
25.545653947577094
25.544977204613474
25.543803143412905
25.543189447247087
25.542114130805857
25.541705370205776
25.5408324398271
25.54032585548533
25.53964726865611
25.538816084720942
25.537923413659385
25.537394703460045
25.536746192395462
25.536148428619313
25.535688641562086
25.5350987478825
25.53459275246867
25.533872173792524
25.533188608927308
25.5324059578769
25.53177164082236
25.530858221545397
25.530400974915555
25.52980154099985
25.529207699376883
25.528126306046612
25.527572340401186
25.526674746159333
25.52618157508613
25.525245789642934
25.52468720193193
25.523739217459532
25.5233966782911
25.52236008298069
25.52216219437274
25.521225189247716
25.521288496159386
25.52060912488131
25.521071265157353
25.52063625125591
25.521152504642398
25.52091098708694
25.521433839320267
25.521712052700853
25.52183136851638
25.522331015910837
25.52253543304088
25.523299313957363
25.523745317682295
25.524002953761148
25.524203133878945
25.524623128520794
25.52490137247834
25.525354152464526
25.525175787501347
25.52574180232799
25.525720251837388
25.52594868671886
25.525762831540977
25.525597468332
25.525481079710218
25.525334310558296
25.525207013483914
25.524895280743117
25.5245547820666
25.52384244788086
25.52368051162265
25.52302263905063
25.523182098667338
25.522725482275412
25.52241444585855
25.52166150991782
25.52173336178742
25.521308600649512
25.521201600038374
25.52105883268083
25.52079331256113
25.520645020392276
25.520492781095477
25.52041515908851
25.519861276225335
25.51958708072913
25.519142832034937
25.51936393064747
25.518637129328134
25.518732482552082
25.51871547683534
25.51898772492773
25.519070254607904
25.519136010740215
25.519666007359444
25.51964196376092
25.51985348920352
25.519871330750124
25.519919211011086
25.52000341871822
25.519796471322614
25.519758905550557
25.519424591581533
25.519180984066004
25.519047331087567
25.518767490735975
25.518263619051872
25.518188118686123
25.517950419640577
25.517988065875706
25.517694627954338
25.51746223660716
25.51691626502848
25.516388677557185
25.515872242388937
25.515113797900824
25.514491534447515
25.513910645920713
25.5134091996467
25.512860302579785
25.512043774308054
25.511556927846772
25.510948762724432
25.51045210632053
25.509989479783627
25.509230954972185
25.50874185702515
25.50818628411788
25.507756309094347
25.507129726939567
25.506299371777132
25.505648342763262
25.50475378983704
25.50413075872474
25.503126690684134
25.50252500060209
25.50136476476416
25.50098834245805
25.50007034026111
25.499913273503445
25.49905448775001
25.498903429522958
25.497752831476706
25.497619880876105
25.496626787124455
25.496238641435532
25.495593241635397
25.49505853734812
25.494689063661077
25.49399906525977
25.494144699344943
25.49362841886048
25.493754780247695
25.49343610277244
25.49394266731094
25.493623073194595
25.493845142329295
25.493441164382908
25.49374231768681
25.49336740479694
25.49310184100778
25.493136332012703
25.4928905414169
25.493017049701944
25.492760204476163
25.492831261995008
25.492535291485567
25.492371654840433
25.492165647013728
25.491940273580404
25.491640402731278
25.491425463235203
25.49103463246138
25.49044425815712
25.490468202294807
25.489748631884353
25.489704014550803
25.48884733252368
25.488929685542693
25.488247423832888
25.48832813956008
25.48771655739682
25.48755215853265
25.487041218111628
25.487130696107204
25.48639360870507
25.486111424043784
25.48562605809723
25.485579300057168
25.485652336129327
25.48500212025049
25.485008269793518
25.484459395280716
25.4847694011498
25.484059037523423
25.484393689686904
25.4840443493452
25.484117896432757
25.483669893192868
25.48373167237104
25.483794709427027
25.483777346073786
25.484011022923188
25.48371515375066
25.483824200511314
25.483645211248344
25.483849381313487
25.483674679945416
25.483821620838793
25.48366798431806
25.483688818287895
25.484183515665535
25.484092735307154
25.484383927183593
25.483456989061622
25.483780990673594
25.483539487290873
25.483591729641482
25.483609285970257
25.48350908925807
25.48370164816525
25.483370443357924
25.48365415169695
25.48378077637526
25.484088083643428
25.48375922233824
25.48402790671267
25.48429677301514
25.48427746098925
25.48436066252063
25.484002206759687
25.484123376423156
25.484086339680548
25.48416551531096
25.48405753341562
25.484083142780783
25.48389961300292
25.483662203895886
25.483650500113946
25.483455299954368
25.483413539580848
25.483426384731473
25.483074249434623
25.483207188638776
25.48299230766741
25.48278863671017
25.48252134083848
25.481972635708452
25.482073088418325
25.481336302885886
25.4811419649893
25.481123022991966
25.48085555763077
25.48078919958446
25.480464456852616
25.480283832540028
25.480290751259748
25.47989980636753
25.479660546248294
25.479635593550576
25.479486880766054
25.479490516834495
25.47956446694627
25.479283575032184
25.479419155369207
25.479026328610676
25.479286568564817
25.478903109031094
25.47933613038491
25.4789316373365
25.479303468069013
25.47919527182308
25.479334748730473
25.47972631527468
25.479783605792118
25.480249050024355
25.480088283146493
25.48041242891329
25.480424441596796
25.48061618859803
25.48066411491643
25.480984777413333
25.480861634647543
25.48100710289745
25.480952140164135
25.48113895912611
25.48112483534835
25.481190372276032
25.48109290312253
25.481108309116518
25.480778551409276
25.48091433486472
25.48072559298877
25.48059854217118
25.480237268713758
25.480052650241166
25.47979041348993
25.479767613161066
25.479358636119557
25.47924384347201
25.478600239649154
25.478498489555257
25.477619270598026
25.47738359403825
25.476645528903703
25.476466839381455
25.47595298918103
25.475983751740714
25.4752266031392
25.47526156018325
25.47464790150049
25.474553897420783
25.474157628449422
25.474253457752457
25.473919975340287
25.474068916984063
25.474077789940758
25.47379476350942
25.47385639210519
25.473490432714897
25.47357523159822
25.473271068594563
25.473081812649205
25.47253157906104
25.47209202891277
25.47165981362815
25.47130186212278
25.47101431842372
25.470493750287176
25.47060752553599
25.470060208012132
25.470019622589604
25.469470655435114
25.469424366077384
25.469276550455014
25.4691044831438
25.46919056784092
25.468717313756926
25.468739840333168
25.46824588197159
25.468576998110137
25.467862841397583
25.46800256412236
25.467303291900357
25.46739301164003
25.466889314337937
25.46702930642799
25.46723249945571
25.4673762884372
25.467530118904985
25.467558696951254
25.467809456852663
25.467897981970783
25.467882189977242
25.467798655314414
25.4678392119795
25.467676158834966
25.46731460612658
25.467028078469163
25.46675801878097
25.466142350659283
25.465791229147268
25.465380171289
25.464940552264906
25.46469621785503
25.464115458286003
25.463708916784526
25.463485535319755
25.462928579714724
25.46262653704117
25.462136252042583
25.4618732721292
25.461544049859487
25.46091384890266
25.46002623312521
25.459511240553113
25.45891101794512
25.45845873739825
25.45761354153352
25.45682776346593
25.456326415188364
25.455532831343525
25.4546466543783
25.453802490777253
25.453271536255468
25.452644752487608
25.45196538346866
25.45140424282399
25.450751039936286
25.450138029533424
25.449561192278402
25.449092280782605
25.44862820082934
25.447693327009162
25.447358330847432
25.44657686386417
25.446074736878238
25.445356428396483
25.4450809551074
25.444311228467882
25.44390257842617
25.44305956990798
25.442479958368963
25.441623437907456
25.441305535156673
25.44036252175534
25.440211775813005
25.439265093344975
25.439156663268786
25.438348236407506
25.438259433719516
25.437688802926655
25.437969469398254
25.437397038821864
25.43765972578609
25.437534482598558
25.437541968561742
25.43749867615673
25.4374423306354
25.43720193000249
25.437126348738623
25.436884922962943
25.436635734822413
25.4367273204735
25.436163475728755
25.436385397398375
25.435776618314108
25.43603931797868
25.435464550518816
25.43588151720899
25.43585395779705
25.436182010812853
25.4363614673639
25.43625461412169
25.436736778583683
25.43660566486829
25.436795975102605
25.436620434665024
25.4366969953136
25.436807372332023
25.436597629444595
25.436952492210857
25.436673719737634
25.436869447304808
25.436586564828914
25.436576359537266
25.436691030215258
25.43645395528724
25.436584463296757
25.436133475183592
25.436487124603048
25.43623191078135
25.43645848790522
25.436295542521776
25.436735033264696
25.43703130382515
25.437141779800093
25.43724538781108
25.437869193099157
25.437862101008996
25.43835667434161
25.43828563141508
25.438374300458566
25.438771537221125
25.438893411604504
25.439185543722715
25.439430217691168
25.43957259264137
25.43971896640882
25.439913484264952
25.439915312444427
25.43992216972194
25.440061066497698
25.440121319109345
25.4401835719938
25.440060360086218
25.439795531985
25.43932785154094
25.439092115501918
25.438937821694164
25.438584322892318
25.43826059985153
25.437767620375386
25.437212995973248
25.43686868748133
25.436576899704633
25.435727291095525
25.435350263228674
25.434567409019305
25.434500208699014
25.433692101136458
25.433528370252183
25.432779983669377
25.432862592010196
25.432263448866404
25.432310390106572
25.432008213429715
25.432032468811254
25.43221627477405
25.432423297358092
25.432348067169308
25.432402141902344
25.432242096019365
25.43222372258816
25.43243705628373
25.432192398141545
25.43203330323157
25.431800024325945
25.43169320822093
25.43117308637122
25.430856645973407
25.430382806594857
25.430187540927488
25.429705923174808
25.429563964944126
25.429039245585933
25.428792241580368
25.428432088558903
25.42777931124727
25.42750916265169
25.42674369709257
25.426500507228965
25.42589218334554
25.425495117899622
25.424932700232404
25.42475687418209
25.424120612364767
25.423821406153348
25.42337340391167
25.422909373085115
25.42235908425813
25.421953772369967
25.421588122716376
25.42111791141961
25.420655358797184
25.4200907514581
25.419716042373683
25.419125259813743
25.418507375805284
25.418156530670608
25.41712125652795
25.41671300733418
25.41573253434629
25.415477047417575
25.41447452188404
25.41461712478199
25.41394356651054
25.414149059497973
25.41329541142719
25.41362546927662
25.41313071950831
25.413315669385966
25.413322515949677
25.413443646513528
25.413912372778064
25.413815442298855
25.414240506243516
25.414152842687425
25.414643967626027
25.414450250094127
25.41491277604992
25.414788057951824
25.41485821037505
25.415297030073773
25.415229840057208
25.415828089569736
25.415729941399988
25.41636024486285
25.416307419962845
25.417066172566226
25.417201869939028
25.41771555578578
25.417844082201313
25.418392826296397
25.41879381693457
25.418960320543107
25.419778948146103
25.41991101601905
25.420491114612442
25.42071838148077
25.420977112702325
25.421286769547493
25.42156432415741
25.42197324271688
25.421999348645237
25.421975854653667
25.42201076796564
25.4217496309186
25.421768672640148
25.42138681648961
25.421178709282927
25.420961273340975
25.420801576526188
25.420685935452934
25.4202511083922
25.420031578386872
25.419752289229756
25.419664135774454
25.41906309387061
25.41875610603981
25.41842815171742
25.417929019367087
25.417561361733743
25.41715495790303
25.416557702434734
25.415816083855024
25.41548542470921
25.414842154922685
25.414284749745036
25.413827547937984
25.412972792132678
25.41254656262921
25.41160562773647
25.41096426415839
25.410096131896825
25.40955721689413
25.408885079424735
25.408417249707572
25.407551713102563
25.40679602209417
25.40583340588467
25.405313282929907
25.404368226223525
25.40344964794617
25.4027334661769
25.40226598067019
25.401681300711235
25.4012694873173
25.40036823879656
25.399757568084933
25.39863451354661
25.398284044440274
25.397613231117155
25.397281811276983
25.396736390270938
25.396093919461144
25.395386246198232
25.39483440127031
25.394151398827354
25.393299882450012
25.392663705416105
25.39173761475839
25.39099705191772
25.390136323370662
25.389426087354693
25.38869155322116
25.388189293664823
25.38726531548704
25.386511964038263
25.385669056261364
25.385218546066625
25.384499216673664
25.383851077998166
25.382948331082428
25.38281900090403
25.38204692344096
25.381999749180352
25.381220487034373
25.38130012321552
25.380500038893572
25.380772243967296
25.38017295309515
25.379927972058063
25.379666274211765
25.37991403123477
25.380347805431676
25.380084510745515
25.380464878086894
25.380360232374002
25.380931161083584
25.38102121048585
25.38115404891871
25.381150964318863
25.381541029590018
25.38198698233916
25.382199400600946
25.382771484640365
25.382950140129942
25.383477005337927
25.383641717551768
25.38381770154927
25.383763791847574
25.384233921794696
25.38380217828857
25.384226291105918
25.383778729754617
25.384502317878727
25.384468374783168
25.384930485168443
25.384955127153418
25.385292121886224
25.385852933108048
25.38580689706471
25.386159685783536
25.386257719945277
25.386895591705226
25.386771102909922
25.387184221917263
25.38725866638206
25.387500028687583
25.38775366397879
25.387906709023483
25.388197532201957
25.38810850694094
25.388513724641246
25.388634751117024
25.388626324391623
25.388834023460525
25.388739724730918
25.389111183445863
25.388509371336603
25.388750468452365
25.388504638428397
25.388587542901284
25.388314709450768
25.388653629796426
25.387840496842188
25.38799036090687
25.387712998876488
25.38758955564908
25.387351690190464
25.387520052826208
25.387743345453806
25.38758302287157
25.387891955033627
25.38778545550686
25.38785992964053
25.387871205575063
25.38791424525281
25.387752449234483
25.387431112281178
25.387479685161697
25.387228727283826
25.386995677513266
25.3869282840081
25.386699256004658
25.38662668919844
25.386211200612436
25.386281396735598
25.386175178570127
25.386136849544606
25.38572107531141
25.385166834204842
25.385111457846023
25.384424490157627
25.384502921865135
25.383720262765728
25.383837568888723
25.383475042466863
25.38372759925821
25.383647728548404
25.383461418879698
25.383543519802828
25.38329500231765
25.3834607193467
25.383222120229867
25.383402529060746
25.383517543224006
25.383399520515944
25.383171120577337
25.383075772587812
25.382771057544
25.382707883557117
25.38255766020783
25.382410992524914
25.382030235466413
25.38194335921829
25.38173269636144
25.381294440994154
25.380856319855475
25.380749807622855
25.38019211491852
25.37964189721606
25.3791724588352
25.378618486341775
25.37798492105808
25.37735156909051
25.376910227280234
25.376040794333182
25.375506782103013
25.374654845780185
25.37412540804585
25.373187645441504
25.372470914358516
25.371963103646927
25.371330409718105
25.37034400860559
25.369719425177863
25.368985108933902
25.368428811105442
25.367629720395914
25.36681030164504
25.366302959101237
25.36534358794414
25.36494428764823
25.363923773095223
25.363700830294384
25.36264589072809
25.362873864274235
25.36204993758535
25.361968030802714
25.36174212217167
25.36172529890767
25.36176303467265
25.361680254228155
25.361815558669814
25.361917895075376
25.362143285422796
25.36250362191664
25.36273306311346
25.36283092444529
25.36314403445339
25.363410839861054
25.363540403591493
25.36376312789036
25.363555959642547
25.3638913454617
25.363568326227792
25.363793916269426
25.36364654529971
25.36349364334418
25.36332358680982
25.362863001847842
25.363103121222814
25.36257916965838
25.36258427786742
25.36245138474864
25.36247395493436
25.362302284487967
25.362049508275803
25.361917725728524
25.36176269479103
25.36176365585135
25.36128486927811
25.361222889057192
25.360755798958124
25.36075502496153
25.360181206693525
25.3602119577609
25.359501856947603
25.359237689955126
25.35852945739867
25.3581624339561
25.357863614263707
25.357771785563486
25.357683837924515
25.357169996700794
25.35699446019283
25.356321079830305
25.35623430430836
25.355421156133005
25.355264489097312
25.354501498896347
25.354363781199876
25.353876615732204
25.353484804105918
25.353185232127338
25.353001201247714
25.353028626105054
25.352566465552858
25.352839247610788
25.352590849772092
25.352554097052295
25.35208183017216
25.351697871420406
25.351860254852163
25.351166909780233
25.35161081853941
25.350928954638082
25.35130321304498
25.350873966087832
25.35102474319816
25.351226616348363
25.35116182918214
25.351709610911026
25.351641891080725
25.351949208584653
25.352184103858917
25.352627685146338
25.352972445000084
25.35330833061763
25.353364272667193
25.353372357533054
25.353488290442332
25.353427868443987
25.353503207521854
25.353280077051924
25.353221396142075
25.353283420722818
25.35317934030278
25.352866814238837
25.352735542719145
25.35241810111462
25.352336833733936
25.352066410323314
25.35223064043275
25.35193129122493
25.351842067198113
25.351357278809164
25.35088701171582
25.35043500836856
25.34975518781087
25.349663478710806
25.34886801997361
25.349021081367354
25.34832520129075
25.34842724491782
25.34796725763908
25.347798347565703
25.34737238745719
25.34717291309778
25.346958081474654
25.346747555082956
25.34652728127749
25.3463183114803
25.34581781429573
25.345503060262008
25.3448847687438
25.344804874493093
25.344085447663808
25.344076733427734
25.34342205630783
25.34363567598654
25.343009497838594
25.342890311370432
25.342471168878657
25.342347058381716
25.342395798212415
25.342187929535974
25.341985798538946
25.341445418148616
25.341008241387158
25.34068168824554
25.340569757068707
25.340412023028133
25.340225663548196
25.33972709551703
25.339311668894744
25.338820058031857
25.339029447391532
25.338345901047745
25.338159809535643
25.33785488814829
25.337705701314597
25.33725223938091
25.3369572795747
25.33668199554262
25.33630620666502
25.336352475843448
25.335856862708997
25.336008439009866
25.335723829921836
25.335558667474352
25.33523393004279
25.33477051714967
25.334477609458318
25.334079656332797
25.333751282223215
25.33324966129296
25.3328540413021
25.33228598810632
25.332115955163943
25.331658408018768
25.331515586423862
25.33109175186693
25.330913324180067
25.330725964507998
25.330451904897238
25.330250644902094
25.330162347259986
25.329648178388176
25.32951847969169
25.329210022046404
25.329037287100405
25.328653708453295
25.32829878142963
25.32773463611072
25.327433413840584
25.326787738725134
25.326554518927825
25.325961964428885
25.32577405464917
25.32528004672127
25.32497839888082
25.32427644741743
25.323960749936898
25.323447082785577
25.322756167596225
25.32228683159264
25.3221173376171
25.321675158582284
25.321412713732023
25.320769428638215
25.32055377582529
25.319729469810376
25.31938527047259
25.31870026890629
25.318613270697558
25.3181878761491
25.317709281723527
25.317379057352397
25.31691684410842
25.316638947248844
25.315808473825356
25.315778463124282
25.3152822293022
25.31492884268593
25.31425132440875
25.314051232176663
25.313421784428186
25.313115207903248
25.312647305616736
25.312439343162666
25.31191431363861
25.311660703191407
25.311139352519163
25.31071035687654
25.310342848352704
25.310051003012376
25.309560962023028
25.309163628015945
25.308796503386688
25.30841428494606
25.307915124653082
25.30719245196876
25.306834283083273
25.306050436508297
25.305932217378118
25.304967413294953
25.30499625275397
25.3039976713415
25.30406406795011
25.303628784854716
25.30395424248356
25.30387334717796
25.304079972307125
25.304206773574847
25.304244573989134
25.304717970207196
25.304285661374088
25.304825789055727
25.304639987216664
25.305430526309344
25.305512582399725
25.305943638815975
25.30610805854806
25.306730495070372
25.307301965531266
25.307819384471028
25.308166336093166
25.308253345917255
25.30887462370385
25.309147881631798
25.309847256808315
25.309916835422705
25.309922790997945
25.310237084217192
25.310083515093204
25.310407040530258
25.310212868015157
25.310194226751534
25.31005263081271
25.309606757375256
25.30930994137199
25.30869020298983
25.308703533889187
25.30814033341826
25.307937930133605
25.307238253572812
25.306957862226298
25.306662174495806
25.306156486935492
25.306028155989214
25.305566654655554
25.30545059780944
25.305106263817066
25.304667680835962
25.30439340911361
25.303905176340805
25.303974304862553
25.303580929277594
25.302965451427713
25.30280897858124
25.30198773833675
25.30180010731695
25.30121958344026
25.30079434817724
25.300639753079885
25.300064087377496
25.299869108573105
25.299259504554755
25.298768174359143
25.29850868159562
25.298140779495668
25.298018612163126
25.29734733783936
25.29713195297452
25.296632622721333
25.296614525954958
25.295970876184892
25.29596685299274
25.29565384592029
25.295392027237128
25.294762316097067
25.294551578458048
25.293789744011754
25.293588750490656
25.292973920332543
25.292551898117452
25.29208674125549
25.29144774129456
25.29111257313965
25.290458042885437
25.290270558299333
25.28982600008358
25.289270836869413
25.28884797223371
25.288371184340555
25.288154540941008
25.2878923098061
25.287734418015063
25.287094875681714
25.28712507763696
25.28635522148665
25.28673909000751
25.28622229870484
25.286590598438195
25.286466428330783
25.286712660159132
25.286663234327197
25.286845836754143
25.287242036906022
25.287248239637933
25.288030289181226
25.287962005525777
25.288607118457573
25.28861453462314
25.28929917838534
25.2896359866047
25.29011887649726
25.29081236065481
25.29121688703352
25.292141572210717
25.292660241510188
25.29324966476657
25.293464430023
25.29410241272274
25.294506056397182
25.294851183098483
25.295131631666937
25.29536580220305
25.295608755607176
25.295515450854822
25.295840631729188
25.295803643692057
25.296143526822142
25.296400476897183
25.296762509880153
25.296822773481388
25.296736559571865
25.296861031248113
25.296685449308786
25.296499316038002
25.29614729841331
25.295979281355585
25.29567180044053
25.29567692970369
25.29572876276029
25.29541573592811
25.29531293300891
25.29462282026232
25.29425559703762
25.293855806352944
25.29351025905846
25.293068693632137
25.292659814084253
25.2921765435393
25.29201472903203
25.291430054301166
25.290921012759142
25.29049921805461
25.290061484757413
25.289340555105298
25.288813974366064
25.28804043392637
25.287604966607372
25.28688641270133
25.286232318881968
25.285677612909257
25.28462993321519
25.284376814381044
25.28355497384972
25.28270781821511
25.28225138383007
25.28139438315181
25.280922741729768
25.28010036740507
25.27978669734314
25.2785667337401
25.278280505331058
25.27731708380926
25.277525431302156
25.276670578860042
25.277000588594465
25.276504645738505
25.27692443547138
25.276903730449956
25.27734067790554
25.277437269772975
25.277766028515536
25.278380598308303
25.27849619599248
25.279350439401384
25.279234441059796
25.280332070071378
25.28036276584269
25.281288276816255
25.281555255206996
25.282413896201696
25.283095730944282
25.283699836015593
25.28473448829708
25.28523032945379
25.285810689487715
25.286280938062845
25.286708860416013
25.28722376461908
25.287822998397935
25.288485465598974
25.288704740318657
25.28912864782914
25.289851890712956
25.290438052628758
25.290793685630174
25.291279831730286
25.29160189472137
25.291807927904667
25.291949118621186
25.292044855768992
25.292268871701665
25.292091925998292
25.292289690438345
25.2924120999298
25.292586998352004
25.292388772397207
25.292327362519597
25.291947150261347
25.29168870026652
25.2913615908949
25.29112163095803
25.29108946498916
25.29080095037315
25.2908741408292
25.290346573284257
25.290644989393716
25.290115781001052
25.29018831156868
25.289592576063463
25.289506744918704
25.289135007750506
25.288897402067356
25.288742473872077
25.288552674394133
25.288095910471057
25.288043299469344
25.28746631686685
25.287439128532622
25.286819063706815
25.28680433894454
25.286150015823665
25.286406147720506
25.28620663103345
25.286242315752546
25.286236274531575
25.286366509613792
25.2862306809226
25.286241107766013
25.286525845507533
25.286363634506227
25.286681388174262
25.286680843990823
25.28676014589978
25.286503784686545
25.286117026828517
25.286168973871593
25.285811546965338
25.2854528798527
25.285247484702467
25.28502445397659
25.28483938544589
25.284573090007427
25.28440280691499
25.283714293278926
25.283572821320128
25.282928647929992
25.282611971571622
25.281977887600313
25.281494890172972
25.28115312423519
25.28085105658748
25.280401390083505
25.27987156560712
25.27944296041129
25.27915220259228
25.27852298204884
25.278124199670128
25.277549998743236
25.277626534970572
25.276741516958413
25.27641457798587
25.275844556070574
25.275516412010177
25.274960264627463
25.274478030980163
25.274438412424796
25.273886564700526
25.27336109224666
25.272620338175216
25.271780089929386
25.27141532913854
25.27064863979703
25.27032336954504
25.269337734379505
25.26877735416461
25.26826458654476
25.26788113513879
25.266950577723783
25.266695438168085
25.265760358376326
25.265654003441227
25.26538095712603
25.265092437314614
25.26505951401567
25.26455026424412
25.26423977260382
25.26430799034303
25.263827075165537
25.263843556107673
25.263383712819536
25.26332896113542
25.26270203059351
25.262601382190017
25.26218169350067
25.261882424803005
25.261484329465095
25.261072817140594
25.260814446681522
25.260225782661216
25.259967569647188
25.259499116735466
25.25949018376139
25.258974691464793
25.25897241345683
25.258490196899942
25.258496716073523
25.258041063995094
25.258124166947088
25.257837326992792
25.257669743467158
25.257723933241426
25.257308784884156
25.257374204232722
25.25693444592762
25.25731361859345
25.25663133998993
25.256937175654596
25.25657843130209
25.25690239269426
25.256949788099142
25.257092939564917
25.25744290285461
25.257284591049974
25.257668209480705
25.25773555878238
25.257981637346862
25.257734515784023
25.257959051269747
25.257887253551765
25.257812995847058
25.257667114221274
25.25795237631209
25.258087185125106
25.25792496136249
25.25801855913263
25.25807122049524
25.25792255304414
25.25770040281314
25.257600329656707
25.257562471333507
25.25718057852601
25.25687408502815
25.256641507567814
25.25660830496088
25.256296308056292
25.256170497298427
25.255674200630267
25.25534571442102
25.255012024384833
25.254483181548796
25.254096220513595
25.253363363954197
25.253049536943987
25.252398060864273
25.252020804498688
25.251228953357696
25.25073933630944
25.249933121221773
25.249163362373288
25.24857514977173
25.247885227802193
25.247375295076328
25.24659777732883
25.24642746935286
25.24574307419077
25.245484460820265
25.244818453763507
25.244750966495918
25.244018271073386
25.243920070619023
25.24377413434244
25.24342166557964
25.243454374506747
25.243005322780917
25.24304980385861
25.24249148351922
25.242539617535932
25.241982154303034
25.241754209412306
25.2414664049328
25.241188407359665
25.24099292716795
25.240541276573598
25.240504083059477
25.240045544551354
25.240302527604467
25.239899579313388
25.239903638284723
25.239888416731805
25.2396765370024
25.2402003731042
25.239668323130154
25.240118496806186
25.2402082382524
25.240449515094472
25.240598403685937
25.24039864424655
25.240530195115248
25.240401448252193
25.24068149797174
25.240492297231867
25.240682665370826
25.24042308936895
25.24052510051042
25.24072011417111
25.2405779142573
25.240651931022562
25.240220926440024
25.24055100273233
25.240478016540777
25.240220851047667
25.24016081514607
25.239686539447508
25.239426823145386
25.23927542350353
25.23913676009022
25.239105845941662
25.23910086568264
25.23906354938643
25.238703395719106
25.238574088092722
25.238026872803605
25.238143886530196
25.237512444601702
25.237097395882557
25.236635739846438
25.236370972857223
25.236013439237045
25.23572271219517
25.235454234914396
25.234921447256717
25.23460830269539
25.233999702238993
25.233510989707412
25.232987640262962
25.232737868640193
25.23213114306894
25.2313871364916
25.230963733804145
25.23065226140178
25.229919340985575
25.22941032042479
25.22883983792557
25.228189840839732
25.2279433293145
25.227141607117503
25.22695185134852
25.226430232140512
25.225556346736507
25.225299372088532
25.224795218911883
25.224071224174438
25.223272065979074
25.22287393698557
25.222403735844978
25.22204152834796
25.221428582664565
25.22077088452628
25.22054860110806
25.21977108212245
25.219485730308364
25.21849800481373
25.218211902322896
25.217319181095746
25.217009636305573
25.21634565948165
25.21622790760255
25.21568467069543
25.21551452377794
